2642
0 1 0.002 
2 3 0.002 
4 5 0.002 
6 5 0.002 
7 8 0.002 
9 10 0.002 
11 0 0.002 
12 0 0.002 
7 9 0.002 
13 9 0.002 
14 7 0.002 
6 14 0.002 
15 14 0.002 
16 6 0.002 
17 13 0.002 
12 18 0.002 
19 12 0.002 
2 19 0.002 
20 19 0.002 
21 2 0.002 
17 22 0.002 
23 17 0.002 
24 23 0.002 
25 23 0.002 
26 16 0.002 
27 16 0.002 
28 26 0.002 
29 24 0.002 
21 27 0.002 
30 31 0.002 
32 30 0.002 
33 30 0.002 
34 32 0.002 
35 32 0.002 
33 36 0.002 
37 36 0.002 
34 33 0.002 
38 34 0.002 
39 35 0.002 
20 21 0.002 
40 21 0.002 
41 42 0.002 
20 42 0.002 
43 42 0.002 
44 20 0.002 
45 37 0.002 
45 38 0.002 
45 39 0.002 
29 39 0.002 
46 45 0.002 
47 28 0.002 
48 43 0.002 
49 40 0.002 
50 44 0.002 
51 15 0.002 
52 29 0.002 
48 53 0.002 
54 48 0.002 
55 46 0.002 
56 46 0.002 
57 55 0.002 
56 52 0.002 
58 52 0.002 
59 56 0.002 
60 25 0.002 
61 49 0.002 
62 49 0.002 
50 61 0.002 
63 50 0.002 
64 50 0.002 
65 63 0.002 
66 51 0.002 
67 51 0.002 
68 66 0.002 
69 70 0.002 
71 64 0.002 
65 64 0.002 
65 54 0.002 
72 54 0.002 
73 71 0.002 
74 71 0.002 
75 65 0.002 
76 58 0.002 
77 58 0.002 
78 73 0.002 
79 69 0.002 
80 69 0.002 
81 74 0.002 
82 75 0.002 
83 67 0.002 
84 62 0.002 
85 47 0.002 
86 87 0.002 
88 85 0.002 
78 84 0.002 
89 88 0.002 
90 89 0.002 
91 89 0.002 
83 90 0.002 
91 78 0.002 
83 92 0.002 
68 92 0.002 
93 83 0.002 
94 68 0.002 
95 91 0.002 
96 91 0.002 
97 95 0.002 
98 96 0.002 
79 57 0.002 
99 100 0.002 
101 79 0.002 
102 93 0.002 
103 81 0.002 
82 81 0.002 
104 81 0.002 
97 102 0.002 
105 102 0.002 
98 103 0.002 
106 82 0.002 
97 98 0.002 
107 98 0.002 
108 94 0.002 
109 97 0.002 
110 111 0.002 
112 80 0.002 
113 105 0.002 
114 109 0.002 
115 107 0.002 
116 110 0.002 
99 110 0.002 
117 106 0.002 
118 117 0.002 
119 117 0.002 
120 117 0.002 
121 118 0.002 
122 120 0.002 
123 122 0.002 
124 122 0.002 
125 101 0.002 
126 101 0.002 
127 123 0.002 
128 123 0.002 
128 129 0.002 
121 127 0.002 
130 128 0.002 
131 121 0.002 
132 130 0.002 
112 133 0.002 
134 133 0.002 
135 133 0.002 
136 112 0.002 
137 76 0.002 
138 59 0.002 
139 138 0.002 
140 137 0.002 
141 115 0.002 
142 115 0.002 
143 77 0.002 
144 77 0.002 
143 140 0.002 
145 140 0.002 
60 146 0.002 
147 146 0.002 
148 146 0.002 
60 149 0.002 
150 149 0.002 
151 143 0.002 
147 108 0.002 
144 150 0.002 
152 147 0.002 
153 154 0.002 
125 154 0.002 
139 153 0.002 
126 125 0.002 
155 125 0.002 
156 126 0.002 
157 156 0.002 
158 156 0.002 
159 157 0.002 
160 144 0.002 
161 139 0.002 
162 113 0.002 
163 141 0.002 
164 145 0.002 
165 160 0.002 
166 151 0.002 
167 99 0.002 
168 164 0.002 
169 164 0.002 
161 168 0.002 
170 168 0.002 
114 142 0.002 
171 142 0.002 
172 161 0.002 
114 162 0.002 
173 162 0.002 
174 114 0.002 
175 136 0.002 
159 134 0.002 
135 134 0.002 
104 131 0.002 
176 131 0.002 
177 178 0.002 
179 178 0.002 
180 104 0.002 
148 165 0.002 
181 163 0.002 
182 163 0.002 
180 181 0.002 
180 176 0.002 
183 176 0.002 
184 180 0.002 
185 159 0.002 
186 173 0.002 
183 184 0.002 
187 184 0.002 
188 183 0.002 
189 132 0.002 
188 132 0.002 
190 132 0.002 
191 182 0.002 
192 182 0.002 
193 186 0.002 
194 174 0.002 
195 191 0.002 
192 187 0.002 
196 188 0.002 
197 195 0.002 
198 197 0.002 
199 171 0.002 
199 198 0.002 
200 192 0.002 
194 199 0.002 
201 199 0.002 
202 86 0.002 
202 167 0.002 
203 202 0.002 
190 196 0.002 
201 200 0.002 
204 200 0.002 
203 177 0.002 
205 148 0.002 
206 194 0.002 
207 194 0.002 
179 175 0.002 
208 175 0.002 
185 135 0.002 
209 135 0.002 
193 210 0.002 
211 210 0.002 
212 193 0.002 
158 185 0.002 
213 190 0.002 
214 205 0.002 
215 205 0.002 
170 169 0.002 
216 169 0.002 
217 170 0.002 
218 158 0.002 
219 203 0.002 
220 218 0.002 
221 218 0.002 
222 201 0.002 
223 220 0.002 
224 221 0.002 
209 225 0.002 
226 225 0.002 
227 225 0.002 
227 209 0.002 
223 224 0.002 
228 224 0.002 
229 223 0.002 
230 211 0.002 
212 211 0.002 
231 206 0.002 
152 230 0.002 
212 231 0.002 
232 212 0.002 
233 228 0.002 
229 228 0.002 
234 233 0.002 
235 152 0.002 
236 229 0.002 
237 235 0.002 
238 155 0.002 
239 214 0.002 
240 236 0.002 
241 236 0.002 
242 222 0.002 
243 204 0.002 
244 207 0.002 
245 213 0.002 
246 237 0.002 
247 237 0.002 
248 215 0.002 
248 246 0.002 
247 248 0.002 
239 248 0.002 
226 240 0.002 
249 226 0.002 
250 247 0.002 
251 239 0.002 
252 238 0.002 
253 238 0.002 
254 241 0.002 
253 252 0.002 
255 252 0.002 
256 253 0.002 
256 234 0.002 
257 234 0.002 
258 255 0.002 
259 257 0.002 
260 219 0.002 
254 249 0.002 
261 254 0.002 
262 251 0.002 
263 251 0.002 
264 250 0.002 
264 262 0.002 
265 263 0.002 
265 264 0.002 
266 264 0.002 
267 265 0.002 
268 258 0.002 
269 258 0.002 
260 179 0.002 
270 259 0.002 
271 266 0.002 
272 267 0.002 
269 268 0.002 
273 268 0.002 
274 269 0.002 
275 274 0.002 
276 274 0.002 
261 270 0.002 
273 270 0.002 
277 261 0.002 
172 275 0.002 
272 278 0.002 
279 278 0.002 
280 278 0.002 
281 227 0.002 
282 172 0.002 
245 283 0.002 
284 245 0.002 
208 260 0.002 
285 279 0.002 
286 279 0.002 
216 166 0.002 
285 166 0.002 
287 282 0.002 
288 282 0.002 
289 216 0.002 
290 244 0.002 
291 244 0.002 
292 244 0.002 
291 242 0.002 
293 242 0.002 
232 290 0.002 
294 289 0.002 
295 289 0.002 
296 232 0.002 
293 243 0.002 
284 243 0.002 
297 243 0.002 
298 293 0.002 
299 284 0.002 
300 299 0.002 
301 276 0.002 
295 294 0.002 
302 294 0.002 
303 217 0.002 
304 295 0.002 
305 304 0.002 
303 302 0.002 
306 296 0.002 
307 287 0.002 
308 303 0.002 
309 271 0.002 
306 271 0.002 
307 308 0.002 
310 308 0.002 
311 307 0.002 
288 311 0.002 
312 309 0.002 
313 309 0.002 
314 310 0.002 
315 306 0.002 
297 300 0.002 
316 300 0.002 
298 297 0.002 
317 297 0.002 
292 318 0.002 
298 318 0.002 
319 292 0.002 
320 292 0.002 
321 298 0.002 
322 305 0.002 
323 324 0.002 
325 324 0.002 
326 323 0.002 
327 319 0.002 
326 327 0.002 
328 320 0.002 
329 317 0.002 
330 321 0.002 
331 316 0.002 
280 312 0.002 
332 280 0.002 
325 315 0.002 
333 315 0.002 
334 281 0.002 
335 328 0.002 
336 328 0.002 
337 332 0.002 
338 332 0.002 
339 288 0.002 
340 288 0.002 
322 341 0.002 
342 341 0.002 
343 341 0.002 
344 322 0.002 
286 337 0.002 
345 337 0.002 
342 286 0.002 
346 342 0.002 
347 314 0.002 
348 339 0.002 
349 340 0.002 
350 208 0.002 
313 338 0.002 
351 349 0.002 
348 349 0.002 
352 313 0.002 
301 351 0.002 
353 348 0.002 
333 352 0.002 
354 352 0.002 
347 353 0.002 
355 353 0.002 
344 347 0.002 
356 347 0.002 
357 358 0.002 
359 358 0.002 
360 277 0.002 
361 277 0.002 
362 360 0.002 
363 350 0.002 
364 365 0.002 
366 301 0.002 
367 333 0.002 
368 333 0.002 
359 367 0.002 
362 366 0.002 
369 366 0.002 
370 359 0.002 
371 331 0.002 
372 363 0.002 
373 374 0.002 
375 330 0.002 
329 330 0.002 
376 330 0.002 
377 375 0.002 
378 329 0.002 
379 329 0.002 
380 378 0.002 
381 378 0.002 
371 380 0.002 
382 373 0.002 
383 373 0.002 
382 371 0.002 
383 382 0.002 
383 384 0.002 
385 383 0.002 
386 385 0.002 
387 385 0.002 
388 389 0.002 
361 389 0.002 
334 388 0.002 
390 334 0.002 
391 334 0.002 
391 390 0.002 
354 368 0.002 
392 368 0.002 
393 354 0.002 
394 361 0.002 
395 361 0.002 
396 394 0.002 
397 395 0.002 
398 387 0.002 
399 381 0.002 
345 346 0.002 
400 346 0.002 
401 402 0.002 
398 401 0.002 
403 404 0.002 
405 404 0.002 
405 398 0.002 
406 398 0.002 
399 403 0.002 
362 407 0.002 
408 407 0.002 
409 407 0.002 
410 399 0.002 
411 410 0.002 
412 362 0.002 
397 396 0.002 
413 396 0.002 
408 397 0.002 
414 372 0.002 
415 406 0.002 
416 413 0.002 
416 417 0.002 
418 345 0.002 
419 336 0.002 
420 415 0.002 
421 377 0.002 
370 419 0.002 
421 419 0.002 
422 421 0.002 
423 421 0.002 
424 418 0.002 
400 418 0.002 
425 416 0.002 
426 422 0.002 
427 414 0.002 
428 392 0.002 
429 425 0.002 
430 425 0.002 
431 420 0.002 
432 420 0.002 
433 393 0.002 
424 433 0.002 
434 433 0.002 
435 343 0.002 
429 391 0.002 
436 429 0.002 
437 409 0.002 
427 438 0.002 
439 438 0.002 
440 427 0.002 
439 436 0.002 
441 437 0.002 
442 437 0.002 
443 439 0.002 
444 423 0.002 
443 440 0.002 
445 443 0.002 
446 445 0.002 
447 446 0.002 
448 449 0.002 
450 369 0.002 
447 430 0.002 
451 412 0.002 
452 447 0.002 
453 447 0.002 
454 441 0.002 
455 452 0.002 
456 453 0.002 
457 448 0.002 
457 455 0.002 
458 457 0.002 
459 428 0.002 
460 428 0.002 
461 458 0.002 
444 459 0.002 
462 456 0.002 
463 462 0.002 
464 462 0.002 
465 463 0.002 
466 464 0.002 
435 467 0.002 
468 467 0.002 
469 470 0.002 
471 470 0.002 
465 469 0.002 
472 469 0.002 
473 472 0.002 
474 471 0.002 
474 442 0.002 
475 474 0.002 
476 435 0.002 
477 475 0.002 
478 477 0.002 
479 451 0.002 
480 451 0.002 
481 444 0.002 
482 400 0.002 
483 426 0.002 
484 481 0.002 
485 454 0.002 
485 478 0.002 
355 356 0.002 
486 356 0.002 
487 355 0.002 
488 485 0.002 
489 485 0.002 
490 488 0.002 
491 492 0.002 
493 492 0.002 
494 489 0.002 
493 490 0.002 
479 491 0.002 
495 493 0.002 
496 479 0.002 
497 495 0.002 
498 496 0.002 
499 497 0.002 
498 499 0.002 
500 498 0.002 
501 498 0.002 
502 500 0.002 
503 494 0.002 
504 501 0.002 
505 504 0.002 
506 480 0.002 
506 502 0.002 
507 506 0.002 
508 507 0.002 
509 379 0.002 
510 505 0.002 
509 411 0.002 
511 450 0.002 
512 450 0.002 
513 450 0.002 
514 515 0.002 
511 515 0.002 
516 509 0.002 
517 509 0.002 
518 508 0.002 
510 514 0.002 
473 503 0.002 
519 516 0.002 
520 517 0.002 
521 511 0.002 
522 473 0.002 
523 468 0.002 
524 518 0.002 
525 510 0.002 
526 519 0.002 
484 527 0.002 
524 521 0.002 
525 524 0.002 
528 524 0.002 
529 530 0.002 
522 530 0.002 
531 482 0.002 
376 532 0.002 
483 532 0.002 
533 528 0.002 
534 520 0.002 
432 520 0.002 
535 520 0.002 
526 534 0.002 
526 536 0.002 
376 536 0.002 
537 526 0.002 
538 432 0.002 
539 483 0.002 
540 484 0.002 
522 541 0.002 
542 543 0.9981853927826768 
544 537 0.9951720046366863 
545 512 0.9921722414455979 
460 546 0.9891860211932066 
547 535 0.9862132624795072 
548 544 0.9832538845151456 
549 538 0.9803078071159321 
550 460 0.9773749506974075 
486 487 0.9744552362694694 
545 487 0.9715485854310538 
551 486 0.9686549203648714 
552 545 0.9657741638321994 
553 540 0.9629062391677281 
554 540 0.9600510702744587 
555 539 0.9572085816186557 
556 539 0.9543786982248521 
553 555 0.9515613456709047 
557 555 0.9487564500831004 
558 548 0.9459639381313157 
559 556 0.9431837370242214 
558 559 0.9404157745045401 
560 558 0.9376599788443513 
561 553 0.9349162788404444 
562 560 0.932184603809719 
563 476 0.9294648835846341 
564 551 0.9267570485086996 
565 551 0.9240610294320177 
566 564 0.9213767577068687 
567 564 0.9187041651833394 
568 565 0.9160431842049988 
569 554 0.9133937476046166 
570 554 0.9107557886999231 
571 562 0.9081292412894144 
572 563 0.9055140396481991 
568 563 0.902910118523886 
573 572 0.900317413132514 
574 568 0.8977358591545236 
575 523 0.8951653927307657 
576 533 0.8926059504585541 
577 513 0.8900574693877552 
578 513 0.8875198870169171 
579 577 0.8849931412894374 
580 577 0.8824771705897706 
576 579 0.8799719137396693 
581 576 0.877477309994467 
582 581 0.8749932990393953 
550 569 0.8725198209859378 
578 552 0.870056816368221 
583 552 0.8676042261394402 
584 550 0.8651619916683198 
585 550 0.8627300547356094 
584 586 0.8603083575306149 
570 586 0.8578968426477619 
587 582 0.8554954530831939 
588 584 0.8531041322314048 
580 587 0.8507228238819012 
589 587 0.8483514722159003 
590 589 0.8459900218030587 
591 561 0.8436384175982329 
592 561 0.8412966049382714 
593 590 0.8389645295388396 
594 542 0.8366421374912715 
595 570 0.8343293752594556 
596 575 0.8320261896767498 
596 573 0.8297325279429252 
597 588 0.8274483376211399 
598 585 0.8251735666349432 
599 596 0.822908163265306 
600 596 0.8206520761476815 
601 599 0.8184052542690937 
602 599 0.8161676469652539 
603 598 0.8139392039177041 
604 603 0.8117198751509894 
597 603 0.8095096110298539 
531 601 0.8073083622564672 
605 602 0.8051160798676749 
606 602 0.8029327152322758 
600 605 0.800758220048325 
607 531 0.798592546340463 
600 608 0.796435646457268 
574 608 0.7942874730686365 
609 600 0.7921479791631855 
610 574 0.7900171180456809 
611 571 0.7878948433344893 
567 566 0.7857811089590558 
612 566 0.7836758691574006 
613 434 0.7815790784736447 
607 434 0.779490691755555 
614 557 0.7774106641521139 
615 613 0.775338951111111 
604 615 0.7732755083767581 
616 615 0.7712202919873246 
614 611 0.7691732582727964 
617 611 0.7671343638525565 
618 614 0.7651035656330863 
619 618 0.7630808208056884 
620 567 0.7610660868442314 
621 617 0.7590593215029134 
622 595 0.7570604828140487 
591 595 0.7550695290858727 
623 595 0.7530864189003681 
597 622 0.751111111111111 
624 597 0.7491435648411371 
625 606 0.7471837394808256 
592 591 0.7452315946858046 
610 612 0.7432870903748747 
626 619 0.7413501867279518 
627 621 0.7394208441840276 
628 610 0.7374990234391513 
629 627 0.7355846854444257 
549 630 0.7336777914040249 
631 549 0.7317783027732289 
629 632 0.7298861812564746 
626 632 0.7280013888054272 
629 633 0.7261238876170655 
634 633 0.7242536401317886 
635 629 0.7223906090315356 
636 635 0.7205347572379247 
637 626 0.7186860479104082 
547 631 0.7168444444444446 
638 631 0.7150099104696857 
634 547 0.7131824098481825 
639 592 0.7113619066726038 
640 592 0.7095483652644732 
637 639 0.7077417501724209 
641 636 0.7059420261704512 
642 637 0.7041491582562251 
643 637 0.7023631116493596 
644 641 0.7005838517897388 
645 642 0.6988113443358437 
638 646 0.6970455551630944 
647 638 0.695286450362208 
645 644 0.6935339962375704 
648 645 0.6917881593056233 
649 620 0.6900489062932637 
650 643 0.6883162041362592 
651 628 0.6865900199776767 
652 583 0.6848703211663244 
653 583 0.6831570752552079 
654 583 0.6814502499999999 
655 652 0.6797498133575228 
653 649 0.6780557334842445 
656 649 0.6763679787347882 
657 650 0.6746865176604541 
657 648 0.6730113190077542 
658 657 0.6713423517169614 
659 657 0.6696795849206678 
660 658 0.6680229879423586 
661 659 0.6663725302949972 
662 647 0.6647281816796221 
663 647 0.6630899119839566 
664 593 0.6614576912810308 
665 664 0.6598314898278134 
594 664 0.6582112780638579 
666 664 0.656597026609959 
655 665 0.6549887062668206 
667 655 0.653386288013735 
668 666 0.6517897430072751 
669 668 0.650199042579995 
670 667 0.6486141582391434 
671 654 0.6470350616653884 
672 625 0.6454617247115516 
673 609 0.6438941194013543 
674 623 0.6423322179281742 
675 623 0.6407759926538108 
676 656 0.6392254161072646 
651 656 0.6376804609835232 
677 669 0.6361411001423605 
677 670 0.6346073066071436 
678 677 0.6330790535636521 
679 678 0.6315563143589052 
671 676 0.6300390625 
680 676 0.628527271652959 
681 671 0.6270209156415876 
682 680 0.6255199684463407 
683 651 0.6240244042032004 
684 661 0.6225341972025596 
685 660 0.6210493218881187 
686 640 0.6195697528557893 
687 675 0.6180954648526078 
688 686 0.6166264327756577 
689 688 0.6151626316710016 
690 689 0.6137040367326204 
691 692 0.6122506233013634 
691 616 0.6108023668639053 
693 616 0.6093592430517133 
672 691 0.6079212276400211 
694 691 0.6064882965468138 
683 695 0.6050604258318176 
673 695 0.6036375916955018 
696 683 0.6022197704780855 
697 672 0.6008069386585555 
662 698 0.5993990728536892 
663 662 0.5979961498170888 
699 662 0.5965981464382203 
700 690 0.5952050397414621 
700 685 0.5938168068851616 
663 701 0.592433425160698 
684 701 0.5910548719915542 
702 700 0.5896811249323959 
703 663 0.5883121616681573 
704 684 0.5869479600131352 
705 702 0.5855884979100903 
706 673 0.5842337534293554 
707 703 0.5828837047679507 
708 699 0.5815383302487078 
709 679 0.580197608319398 
710 711 0.5788615175518699 
712 705 0.5775300366411931 
713 714 0.5762031444048091 
715 714 0.5748808197816885 
709 713 0.5735630418314956 
709 710 0.572249789733759 
716 709 0.5709410427870493 
717 716 0.5696367804081633 
718 697 0.5683369821313151 
719 697 0.5670416276073323 
720 712 0.565750696602861 
694 693 0.5644641689995742 
721 693 0.5631820247933884 
719 694 0.5619042440936868 
722 682 0.5606308071225468 
723 718 0.559361694213975 
720 724 0.5580968858131488 
725 724 0.5568363624756615 
726 720 0.5555801048667764 
727 719 0.5543280937606846 
728 719 0.5530803100397695 
723 727 0.5518367346938775 
729 722 0.5505973488195934 
730 726 0.5493621336195224 
725 704 0.5481310704015766 
731 704 0.546904140578269 
732 723 0.5456813256660111 
733 721 0.5444626072844168 
734 728 0.5432479671556122 
735 732 0.5420373871035497 
736 735 0.5408308490533281 
737 729 0.5396283350305184 
738 706 0.5384298271604939 
739 706 0.5372353076677658 
696 738 0.536044758875325 
740 696 0.5348581632039872 
741 736 0.5336755031717441 
742 717 0.5324967613931199 
743 733 0.5313219205785322 
734 733 0.5301509635336576 
744 743 0.5289838731588037 
715 742 0.5278206324482833 
745 742 0.5266612244897959 
744 746 0.5255056324638129 
624 746 0.5243538396429671 
747 744 0.523205829391448 
748 734 0.522061585164401 
749 734 0.5209210905073307 
750 624 0.51978432905551 
751 715 0.5186512845333927 
741 748 0.517521940754031 
752 741 0.5163962816184976 
753 741 0.5152742911153119 
739 752 0.5141559533198702 
754 745 0.5130412523938811 
755 753 0.5119301725848047 
756 739 0.5108226982252957 
757 749 0.5097188137326515 
758 755 0.5086185036082642 
759 758 0.5075217524370759 
760 707 0.5064285448870393 
759 757 0.5053388657085817 
761 751 0.5042526997340734 
762 751 0.5031700318772995 
763 759 0.5020908471329366 
764 760 0.5010151305760325 
765 763 0.49994286736149 
766 764 0.4988740427235552 
681 761 0.4978086419753087 
767 747 0.49674665050816136 
768 687 0.4956880537913539 
769 731 0.49463283737145874 
770 731 0.49358098687188773 
771 750 0.4925324879924019 
772 750 0.4914873265086256 
773 768 0.4904454882715639 
774 768 0.48940695920712435 
775 773 0.48837172531564066 
776 681 0.48733977267140155 
775 771 0.48631108742218243 
777 775 0.48528565578878036 
708 778 0.4842634640645524 
779 708 0.4832444986149584 
780 730 0.48222874587710535 
781 782 0.48121619235929664 
783 782 0.48020682464058384 
781 774 0.4792006293703221 
784 774 0.4781975932677283 
785 776 0.4771977031214439 
786 776 0.4762009457890984 
787 784 0.4752073081968785 
788 780 0.4742167773390991 
788 787 0.4732293402777778 
789 788 0.47224498414221217 
790 788 0.47126369612856095 
791 789 0.47028546349942685 
792 790 0.4693102735834438 
793 777 0.46833811377486645 
793 794 0.46736897153316276 
795 794 0.4664028343826095 
791 793 0.4654396899118912 
769 783 0.4644795257737009 
770 769 0.46352232968434476 
796 769 0.46256808942334926 
766 770 0.4616167928330709 
797 770 0.4606684278183091 
737 785 0.45972298234592207 
798 785 0.45878044444444444 
799 795 0.45784080220370865 
800 737 0.4569040437744689 
801 756 0.4559701573680271 
802 765 0.4550391312558623 
803 766 0.45411095376926275 
804 766 0.4531856132989595 
805 796 0.452263098294764 
806 779 0.45134339726520745 
807 779 0.45042649877718294 
808 762 0.44951239145559013 
806 803 0.44860106398298283 
809 806 0.4476925050992179 
810 800 0.446786703601108 
810 740 0.4458836483420763 
811 740 0.44498332823181314 
812 767 0.44408573223593567 
813 772 0.44319084937565034 
813 812 0.44229866872741613 
814 799 0.44140917942261215 
815 816 0.4405223706472059 
817 754 0.4396382316414252 
817 818 0.43875675169943124 
819 818 0.43787792016899524 
817 815 0.43700172645117585 
820 817 0.43612816 
821 820 0.4352572103221454 
811 810 0.43438886697662565 
822 810 0.4335231195744769 
823 805 0.4326599577784479 
824 797 0.4317993713026905 
825 804 0.4309413499124537 
819 808 0.43008588342377935 
826 808 0.42923296170319986 
823 792 0.428382574667438 
827 802 0.42753471228310946 
828 802 0.4266893645664261 
829 813 0.42584652158290237 
822 811 0.4250061734470638 
830 811 0.4241683103221565 
831 801 0.42333292241985965 
832 801 0.42249999999999993 
833 831 0.4216695333702669 
834 831 0.4208415128859314 
835 833 0.42001592894956574 
836 827 0.4191927720107651 
837 836 0.41837203256587174 
838 836 0.4175537011577008 
839 798 0.41673776837526716 
840 786 0.4159242248535156 
840 826 0.41511306127305175 
841 821 0.41430426835987527 
842 822 0.4134978368851146 
843 829 0.412693757664764 
843 814 0.411892021559422 
844 843 0.4110926194740315 
845 843 0.4102955423576218 
832 830 0.4095007812030527 
846 844 0.40870832704675997 
847 845 0.4079181709685022 
848 847 0.4071303040911106 
849 847 0.4063447175802388 
850 848 0.40556140264411566 
851 840 0.4047803505332992 
852 846 0.40400155254043235 
853 852 0.40322499999999994 
854 852 0.40245068428808844 
855 853 0.4016785968221455 
856 854 0.4009087290607428 
857 823 0.4001410725033397 
850 823 0.39937561869004834 
858 832 0.3986123592014009 
859 832 0.3978512856581181 
850 857 0.39709238972087874 
860 857 0.3963356630900917 
861 837 0.39558109750566894 
862 850 0.3948286847468 
863 828 0.39407841663172805 
864 838 0.3933302850175278 
865 838 0.392584281799884 
866 863 0.3918403989128726 
867 863 0.391098628328742 
868 866 0.3903589620576971 
869 867 0.3896213921476838 
870 861 0.3888859106841756 
871 861 0.38815250978996085 
860 872 0.38742118162493194 
873 872 0.3866919183858761 
874 860 0.38596471230626683 
824 873 0.3852395556560574 
864 870 0.38451644074147545 
875 864 0.38379535990481856 
876 864 0.38307630552425187 
877 824 0.3823592700136066 
878 824 0.3816442458221798 
879 877 0.3809312254345357 
880 881 0.38022020137030843 
882 880 0.3795111661840053 
807 882 0.37880411246481244 
883 869 0.3780990328364006 
884 869 0.37739591995673344 
878 825 0.3766947665178756 
885 807 0.3759955652458038 
871 883 0.3752983089002172 
886 871 0.3746029902743504 
887 842 0.3739096021947874 
888 842 0.3732181375212762 
889 886 0.3725285891465452 
890 886 0.37184094999612066 
891 878 0.371155213028145 
890 875 0.37047137123319673 
892 858 0.36978941763411105 
859 858 0.36910934528580225 
893 858 0.36843114727508647 
894 892 0.36775481672050664 
895 855 0.36708034677215723 
839 896 0.36640773061151105 
888 896 0.3657369614512472 
897 884 0.36506803253507936 
898 839 0.36440093713758603 
899 839 0.3637356685640416 
889 897 0.36307222015024776 
900 851 0.3624105852623672 
901 851 0.3617507572967575 
902 885 0.36109272967980655 
903 891 0.36043649586776855 
904 891 0.35978204934660174 
834 859 0.3591293836318062 
902 809 0.35847849226826367 
905 900 0.3578293688300777 
906 895 0.35718200692041524 
907 895 0.35653640017134874 
908 903 0.35589254224370004 
879 903 0.35525042682688424 
865 906 0.3546100476387553 
909 901 0.3539713984254525 
910 834 0.35333447296124754 
911 835 0.3526992650483929 
912 905 0.35206576851697124 
913 910 0.3514339772247453 
894 887 0.350803885057009 
888 887 0.3501754859264398 
914 887 0.34954877377295146 
914 894 0.3489237425635478 
915 904 0.3483003862921781 
916 888 0.3476786989795918 
912 917 0.34705867467319623 
918 917 0.34644030744691334 
909 898 0.3458235914010383 
909 912 0.34520852066209895 
919 912 0.34459508938271605 
920 909 0.34398329174146364 
921 908 0.3433731219427318 
915 902 0.34276457421658874 
922 902 0.34215764281864464 
923 879 0.34155232202991614 
924 879 0.34094860615669176 
925 907 0.3403464895303974 
916 914 0.339745966507464 
926 914 0.3391470314691949 
927 916 0.33854967882163445 
928 868 0.33795390299543737 
921 923 0.3373596984457393 
876 865 0.33676705965202725 
929 865 0.33617598111801167 
928 913 0.33558645737149895 
930 876 0.3349984829642648 
931 921 0.33441205247192834 
932 928 0.33382716049382716 
933 928 0.3332438016528925 
934 890 0.3326619705955264 
935 924 0.3320816619914781 
936 932 0.33150287053372246 
937 933 0.3309255909383384 
938 925 0.3303498179443887 
934 936 0.32977554631379963 
938 929 0.32920277083124183 
939 893 0.32863148630401234 
940 926 0.3280616875619166 
941 937 0.32749336945715146 
940 927 0.32692652686418916 
942 938 0.32636115467966137 
943 938 0.3257972478222447 
944 942 0.32523480123254617 
934 930 0.3246738098729901 
945 943 0.32411426872770505 
946 940 0.323556172802412 
947 934 0.32299951712431235 
920 919 0.32244429674197767 
948 947 0.32189050672523944 
949 947 0.3213381421650795 
950 947 0.3207871981735213 
951 920 0.32023766988352204 
952 941 0.3196895524488647 
953 948 0.31914284104405144 
954 949 0.31859753086419756 
955 945 0.3180536171249255 
955 954 0.31751109506226044 
956 918 0.3169699599325256 
957 955 0.31643020701223845 
958 955 0.31589183159800815 
959 841 0.3153548290064325 
944 957 0.31481919457399654 
959 960 0.31428492365697086 
961 960 0.31375201163131156 
962 958 0.3132204538925596 
956 959 0.31269024585574157 
963 959 0.31216138295527096 
964 963 0.31163386064484966 
965 862 0.3111076743973703 
966 953 0.3105828197048194 
966 967 0.3100592920781802 
968 967 0.30953708704733746 
962 966 0.3090162001609813 
969 966 0.3084966269865129 
970 968 0.3079783631099498 
971 950 0.3074614041358326 
972 969 0.3069457456871312 
970 971 0.3064313834051526 
973 970 0.30591831294944855 
974 973 0.30540652999772416 
975 935 0.30489603024574663 
849 965 0.3043868094072552 
976 965 0.30387886321387064 
977 944 0.303372187415006 
978 944 0.30286677777777776 
979 849 0.3023626300869176 
980 952 0.301859740144684 
939 952 0.3013581037707753 
981 980 0.30085771680224277 
982 951 0.300358575093404 
983 982 0.2998606745157573 
984 981 0.29936401095789616 
985 899 0.2988685803254243 
984 974 0.29837437854087173 
986 979 0.29788140154361037 
986 856 0.2973896452897708 
987 975 0.2968991057521594 
988 931 0.2964097789201757 
989 976 0.2959216607997307 
987 874 0.29543474741316533 
990 984 0.29494903479916895 
991 984 0.29446451901269943 
992 990 0.2939811961249026 
993 991 0.2934990622230328 
994 939 0.29301811341037354 
961 995 0.29253834580615906 
996 961 0.2920597555454957 
983 997 0.2915823387792842 
998 997 0.2911060916741424 
999 985 0.2906310104123282 
1000 985 0.29015709119166294 
1001 985 0.2896843302254556 
1002 983 0.28921272374242696 
1003 983 0.2887422679866344 
1004 986 0.28827295921739704 
977 1004 0.2878047937092218 
998 999 0.28733776775172876 
1005 999 0.28687187764957844 
1006 946 0.2864071197223981 
1002 1007 0.2859434903047091 
1008 1007 0.28548098574585523 
1009 998 0.2850196024099299 
1010 996 0.2845593366757055 
1011 996 0.284100184936562 
1012 977 0.28364214360041623 
1013 977 0.2831852090896518 
1014 1008 0.28272937784104907 
1015 1008 0.2822746463057159 
1016 994 0.2818210109490183 
1017 994 0.28136846825051204 
989 1018 0.2809170147038742 
1019 1018 0.28046664681683514 
1020 1012 0.28001736111111114 
1021 1014 0.2795691541223371 
1022 964 0.27912202239999995 
1022 1021 0.2786759625073722 
1023 1022 0.27823097102144556 
1024 1022 0.27778704453286573 
1025 1023 0.2773441796458669 
1026 1024 0.2769023729782067 
1016 1027 0.27646162116110184 
1028 1027 0.2760219208391638 
1017 1016 0.27558326867033495 
1029 1015 0.27514566132582496 
1020 989 0.2747090954900479 
1030 989 0.27427356786055906 
1001 1000 0.2738390751479929 
1031 1000 0.2734056140760007 
1005 1001 0.2729731813811889 
1032 1001 0.27254177381305755 
1033 1029 0.2721113881339393 
1034 1013 0.27168202111893874 
1035 1036 0.27125366955587177 
1037 1036 0.27082633024520586 
1034 1035 0.2704 
1037 978 0.2699746756458453 
1038 1034 0.2695503540208061 
1039 1009 0.26912703197536114 
1040 1009 0.26870470637234484 
1041 1010 0.2682833740868896 
1042 1010 0.26786303200636785 
1003 1039 0.2674436770303343 
1040 1005 0.2670253060704691 
1043 1005 0.2666079160505208 
1044 1040 0.26619150390625 
1045 1003 0.26577606658537284 
1046 972 0.2653616010475052 
1047 972 0.2649481042641072 
1048 972 0.26453557321842763 
1019 987 0.264124004905449 
1049 987 0.263713396331833 
1050 1019 0.2633037445158657 
1037 1046 0.262895046487404 
988 1049 0.2624872992878212 
1051 1049 0.26208049996995375 
1052 1017 0.2616746455980479 
1053 1052 0.2612697332477068 
1054 1028 0.26086576000583783 
1055 1053 0.26046272297060025 
1056 1053 0.2600606192513528 
1057 1054 0.25965944596860235 
1058 1006 0.2592592002539518 
1057 1006 0.2588598792500493 
1059 1033 0.2584614801105368 
1060 1055 0.25806399999999996 
1061 1031 0.257667436093917 
1060 993 0.25727178557860886 
1062 1058 0.2568770456511893 
1061 1062 0.25648321351951525 
1063 1064 0.2560902864021373 
1065 1064 0.25569826152825104 
1066 1043 0.2553071361376474 
1067 1032 0.25491690748066476 
1068 1060 0.25452757281814037 
1069 1060 0.2541391294213624 
922 1063 0.25375157457202185 
1070 1063 0.25336490556216534 
1066 1044 0.2529791196941476 
1071 1047 0.2525942142805845 
1072 922 0.252210186644306 
1070 922 0.2518270341183101 
988 1072 0.25144475404571603 
1073 1068 0.2510633437797187 
1074 1026 0.25068280068354215 
1075 1025 0.25030312213039485 
1076 1011 0.24992430550342365 
1077 1042 0.2495463481956692 
1078 1069 0.2491692476100207 
1079 1056 0.24879300115917158 
1080 1056 0.24841760626557494 
1081 1079 0.24804306036139948 
1082 1074 0.24766936088848557 
1030 1020 0.24729650529830166 
1083 1057 0.24692449105190065 
1084 1057 0.2465533156198768 
1085 1070 0.2461829764823227 
1086 1076 0.2458134711287864 
1086 1075 0.24544479705822925 
1081 1073 0.24507695177898303 
1082 1087 0.2447099328087082 
1086 1087 0.24434373767435189 
1088 1081 0.2439783639121063 
1089 1082 0.24361380906736735 
1090 1086 0.2432500706946932 
1091 1080 0.24288714635776346 
1092 1080 0.24252503362933828 
1091 1083 0.24216373009121786 
1093 1059 0.24180323333420198 
1094 1093 0.24144354095804985 
1095 1093 0.24108465057144038 
1096 1094 0.24072655979193203 
1097 1048 0.24036926624592359 
1098 1089 0.24001276756861467 
1099 1088 0.2396570614039667 
1100 988 0.23930214540466394 
1101 1098 0.23894801723207473 
1102 1091 0.23859467455621303 
1103 1096 0.23824211505570006 
1104 992 0.23789033641772617 
1105 992 0.23753933633801289 
1101 1103 0.2371891125207751 
1106 1101 0.23683966267868398 
1107 1106 0.23649098453282894 
1104 1071 0.23614307581268093 
1108 1071 0.23579593425605536 
1109 1107 0.23544955760907532 
1110 1066 0.23510394362613501 
1105 1104 0.23475909006986337 
1111 1112 0.23441499471108782 
1113 1112 0.2340716553287982 
1114 1111 0.2337290697101111 
1090 1113 0.23338723565023398 
1115 1090 0.23304615095242975 
1116 1085 0.23270581342798186 
1117 1085 0.23236622089615852 
1118 1109 0.23202737118417824 
1119 1077 0.2316892621271749 
1120 1077 0.23135189156816324 
1114 1119 0.23101525735800443 
1121 1119 0.2306793573553719 
1122 1115 0.23034418942671717 
1123 1115 0.230009751446236 
1124 1118 0.22967604129583485 
1125 1114 0.2293430568650971 
1126 1084 0.2290107960512497 
1127 1122 0.22867925675913042 
1067 1126 0.22834843690115414 
1124 1127 0.22801833439728045 
1128 1124 0.22768894717498078 
1129 1116 0.2273602731692059 
1130 1128 0.2270323103223536 
1131 1105 0.22670505658423648 
1132 1105 0.22637850991204977 
1133 1092 0.2260526682703397 
1133 1099 0.2257275296309715 
1134 1133 0.22540309197309813 
1135 1133 0.2250793532831285 
1136 1134 0.22475631155469683 
1135 1134 0.2244339647886309 
1137 1136 0.22411231099292145 
1138 1135 0.22379134818269142 
1139 1138 0.22347107438016528 
1140 1130 0.22315148761463852 
1141 1102 0.22283258592244742 
1142 1143 0.2225143673469388 
1144 1143 0.22219682993844003 
1100 1117 0.22187997175422927 
1145 1139 0.22156379085850555 
1146 1140 0.22124828532235935 
1147 1146 0.22093345322374333 
1148 1146 0.22061929264744265 
1149 1145 0.22030580168504615 
1150 1145 0.21999297843491733 
1151 1149 0.21968082100216543 
1152 1150 0.21936932749861676 
1153 1147 0.21905849604278624 
1137 1152 0.21874832475984882 
1154 1152 0.21843881178161137 
1155 1151 0.21812995524648446 
1141 1156 0.21782175329945438 
1157 1156 0.21751420409205524 
1142 1141 0.21720730578234151 
1158 1141 0.21690105653486005 
1159 1100 0.2165954545206229 
1160 1095 0.21629049791707994 
1161 1137 0.21598618490809168 
1162 1137 0.21568251368390234 
1163 1142 0.21537948244111277 
1164 1142 0.2150770893826537 
1144 1163 0.21477533271775934 
1165 1144 0.21447421066194047 
1166 1148 0.2141737214369584 
1157 1154 0.21387386327079846 
1110 1067 0.2135746343976443 
1167 1067 0.2132760330578512 
1168 1078 0.21297805749792087 
1169 1110 0.2126807059704753 
1170 1157 0.21238397673423134 
1171 1030 0.2120878680539751 
1121 1120 0.21179237820053662 
1172 1120 0.21149750545076468 
1173 1174 0.21120324808750157 
1175 1158 0.21090960439955822 
1045 1169 0.21061657268168918 
1176 1169 0.21032415123456785 
1160 1045 0.21003233836476226 
1177 1045 0.2097411323847099 
1175 1155 0.20945053161269375 
1178 1159 0.20916053437281787 
1179 1159 0.2088711389949833 
1180 1160 0.2085823438148639 
1181 1160 0.20829414717388262 
1125 1123 0.20800654741918745 
1182 1123 0.2077195429036279 
1121 1125 0.2074331319857313 
1183 1125 0.20714731302967943 
1184 1170 0.20686208440528497 
1185 1170 0.20657744448796872 
1186 1175 0.2062933916587358 
1187 1175 0.2060099243041532 
1188 1180 0.2057270408163265 
1189 1153 0.2054447395928773 
1190 1186 0.20516301903692039 
1191 1165 0.2048818775570412 
1173 1165 0.20460131356727343 
1192 1187 0.20432132548707652 
1191 1167 0.20404191174131348 
1193 1191 0.20376307076022876 
1194 1131 0.20348480097942603 
1195 1172 0.20320710083984667 
1196 1172 0.20292996878774736 
1197 1173 0.20265340327467868 
1194 1168 0.20237740275746346 
1184 1192 0.20210196569817526 
1198 1192 0.2018270905641168 
1199 1181 0.20155277582779882 
1200 1194 0.20127901996691872 
1201 1194 0.20100582146433957 
1202 1189 0.20073317880806896 
1199 1202 0.20046109049123817 
1203 1199 0.20018955501208124 
1200 1161 0.19991857087391454 
1204 1200 0.19964813658511574 
1205 1203 0.19937825065910347 
1204 1201 0.199108911614317 
1206 1201 0.19884011797419576 
1207 1184 0.1985718682671591 
1208 1184 0.19830416102658632 
1209 1190 0.19803699479079637 
1164 1198 0.19777036810302806 
1207 1164 0.19750427951142022 
1210 1164 0.19723872756899183 
1211 1204 0.19697371083362233 
1212 1166 0.19670922786803244 
1213 1209 0.19644527723976396 
1214 1206 0.19618185752116094 
1215 1206 0.19591896728935015 
1216 1207 0.195656605126222 
1217 1050 0.19539476961841118 
1218 1212 0.19513345935727788 
1219 1212 0.19487267293888874 
1220 1212 0.19461240896399792 
1221 1218 0.19435266603802848 
1182 1221 0.19409344277105353 
1188 1219 0.19383473777777774 
1222 1188 0.19357654967751897 
1223 1213 0.19331887709418952 
1224 1171 0.19306171865627803 
1225 1220 0.19280507299683114 
1226 1182 0.19254893875343537 
1196 1195 0.1922933145681991 
1183 1195 0.19203819908773434 
1227 1178 0.19178359096313913 
1185 1162 0.19152948884997945 
1228 1211 0.1912758914082716 
1229 1216 0.1910227973024645 
1227 1129 0.1907702052014221 
1230 1129 0.19051811377840602 
1231 1038 0.19026652171105785 
1232 1038 0.19001542768138197 
1233 1224 0.18976483037572836 
1234 1224 0.18951472848477527 
1185 1208 0.18926512070351217 
1235 1208 0.18901600573122282 
1236 1185 0.18876738227146816 
1237 1223 0.18851924903206957 
1238 1227 0.18827160472509202 
1239 1210 0.1880244480668274 
1240 1179 0.18777777777777774 
1241 1214 0.18753159258263905 
1242 1051 0.18728589121028427 
1239 1197 0.18704067239374728 
1243 1215 0.1867959348702064 
1244 1231 0.18655167738096815 
1245 1231 0.18630789867145114 
1246 1222 0.18606459749116985 
1247 1196 0.18582177259371868 
1177 1176 0.18557942273675593 
1248 1176 0.18533754668198796 
1249 1176 0.1850961431951533 
1250 1239 0.1848552110460069 
1233 1244 0.18461474900830477 
1230 1251 0.18437475585978783 
1252 1232 0.18413523038216675 
1253 1230 0.18389617136110642 
1254 1177 0.1836575775862105 
1249 1177 0.18341944785100622 
1255 1183 0.18318178095292897 
1229 1256 0.18294457569330722 
1235 1256 0.18270783087734735 
1257 1229 0.18247154531411866 
1236 1235 0.1822357178165384 
1258 1235 0.1820003472013568 
1259 1236 0.18176543228914213 
1260 1237 0.18153097190426637 
1261 1248 0.18129696487488986 
1262 1217 0.18106341003294715 
1263 1217 0.1808303062141322 
1264 1255 0.1805976522578839 
1265 1255 0.18036544700737173 
1260 1257 0.18013368930948118 
1266 1264 0.17990237801479964 
1267 1264 0.17967151197760206 
1268 1260 0.17944109005583672 
1269 1260 0.17921111111111115 
1270 1225 0.17898157400867803 
1271 1252 0.1787524776174214 
1272 1252 0.17852382080984244 
1250 1268 0.17829560246204562 
1234 1233 0.17806782145372516 
1273 1233 0.17784047666815095 
1274 1254 0.17761356699215514 
1275 1205 0.1773870913161183 
1276 1270 0.17716104853395598 
1277 1270 0.17693543754310523 
1276 1246 0.17671025724451095 
1226 1278 0.1764855065426128 
1279 1278 0.17626118434533158 
1280 1226 0.1760372895640563 
1193 1250 0.17581382111363061 
1281 1269 0.1755907779123399 
1261 1193 0.1753681588818981 
1282 1193 0.1751459629474347 
1283 1279 0.17492418903748175 
1262 1234 0.17470283608396092 
1284 1234 0.1744819030221707 
1285 1261 0.1742613887907736 
1286 1249 0.17404129233178328 
1263 1262 0.173821612590552 
1287 1277 0.17360234851575793 
1097 1271 0.1733834990593926 
1288 1275 0.17316506317674837 
1289 1266 0.17294703982640583 
1283 1289 0.17272942797022164 
1290 1289 0.1725122265733159 
1291 1290 0.17229543460406016 
1288 1274 0.1720790510340648 
1292 1288 0.17186307483816715 
1293 1292 0.17164750499441916 
1294 1273 0.17143234048407546 
1295 1263 0.1712175802915811 
1296 1263 0.17100322340455978 
1242 1295 0.17078926881380196 
1297 1240 0.17057571551325268 
1298 1240 0.17036256249999998 
1299 1240 0.1701498087742631 
1242 1297 0.1699374533393807 
1300 1297 0.1697254952017992 
1301 1272 0.16951393337106113 
1302 1291 0.16930276685979367 
1303 1280 0.16909199468369704 
1304 1281 0.168881615861533 
1238 1298 0.16867162941511352 
1305 1302 0.16846203436928925 
1303 1302 0.16825282975193856 
1267 1305 0.1680440145939558 
1306 1305 0.16783558792924036 
1307 1296 0.16762754879468544 
1308 1259 0.16741989623016695 
1258 1259 0.16721262927853234 
1309 1259 0.16700574698558965 
1310 1308 0.16679924840009655 
1311 1258 0.1665931325737493 
1312 1258 0.16638739856117196 
1313 1303 0.16618204541990553 
1314 1293 0.16597707221039706 
1315 1294 0.16577247799598915 
1315 1284 0.16556826184290896 
1316 1304 0.1653644228202577 
1317 1304 0.16516096 
1318 1315 0.16495787245695334 
1319 1315 0.1647551592687776 
1320 1316 0.16455281951596448 
1321 1318 0.16435085228182714 
1307 1321 0.16414925665248975 
1322 1307 0.1639480317168773 
1323 1314 0.16374717656670515 
1324 1314 0.16354669029646873 
1325 1311 0.16334657200343375 
1326 1323 0.1631468207876254 
1327 1310 0.16294743575181878 
1328 1310 0.16274841600152848 
1327 1228 0.16254976064499874 
1329 1282 0.16235146879319337 
1330 1324 0.16215353955978584 
1328 1327 0.1619559720611494 
1265 1267 0.1617587654163471 
1331 1267 0.1615619187471221 
1332 1287 0.1613654311778879 
1329 1320 0.16116930183571843 
1333 1317 0.16097352985033858 
1334 1329 0.1607781143541144 
1335 1329 0.16058305448204355 
1336 1097 0.1603883493717456 
1337 1334 0.1601939981634527 
1336 1338 0.16 
1108 1338 0.15980635402681614 
1339 1336 0.1596130593919139 
1340 1238 0.1594201152458808 
1132 1108 0.15922752074186985 
1341 1328 0.15903527503559012 
1342 1328 0.15884337728529754 
1343 1335 0.1586518266517859 
1344 1265 0.1584606222983772 
1345 1265 0.15826976339091303 
1332 1313 0.1580792490977451 
1346 1332 0.1578890785897263 
1347 1247 0.15769925104020185 
1344 1347 0.157509765625 
1348 1347 0.15732062152242332 
1349 1306 0.15713181791323974 
1350 1346 0.15694335398067358 
1351 1285 0.1567552289103969 
1352 1333 0.1565674418905204 
1353 1337 0.15637999211158518 
1354 1330 0.15619287876655344 
1355 1356 0.1560061010508001 
1353 1356 0.15581965816210414 
1357 1286 0.1556335493006399 
1351 1355 0.1554477736689686 
1358 1351 0.15526233047202967 
1359 1351 0.1550772189171324 
1360 1353 0.15489243821394733 
1361 1358 0.15470798757449786 
1362 1361 0.15452386621315195 
1352 1325 0.1543400733466135 
1357 1362 0.1541566081939144 
1363 1357 0.1539734699764059 
1364 1359 0.1537906579177504 
1365 1363 0.15360817124391338 
1366 1354 0.1534260091831551 
1367 1354 0.15324417096602247 
1368 1354 0.15306265582534084 
1369 1366 0.15288146299620609 
1370 1352 0.15270059171597633 
1365 1367 0.15252004122426413 
1309 1341 0.15233981076292832 
1309 1371 0.15215989957606613 
1372 1371 0.15198030691000528 
1373 1309 0.15180103201329606 
1374 1312 0.15162207413670345 
1241 1243 0.15144343253319925 
1375 1243 0.1512651064579544 
1376 1241 0.1510870951683312 
1377 1241 0.15090939792387545 
1378 1368 0.15073201398630887 
1379 1360 0.15055494261952138 
1380 1372 0.15037818308956355 
1381 1370 0.15020173466463888 
1132 1376 0.15002559661509615 
1382 1376 0.1498497682134223 
1345 1383 0.14967424873423432 
1348 1383 0.1494990374542722 
1345 1331 0.14932413365239133 
1349 1331 0.14914953660955507 
1384 1331 0.1489752456088274 
1385 1373 0.14880125993536553 
1386 1345 0.14862757887641262 
1348 1387 0.1484542017212904 
1388 1348 0.14828112776139196 
1389 1380 0.1481083562901745 
1374 1389 0.14793588660315204 
1390 1385 0.14776371799788854 
1342 1390 0.14759184977399023 
1391 1342 0.14742028123309897 
1392 1374 0.14724901167888485 
1393 1350 0.1470780404170393 
1394 1388 0.146907366755268 
1395 1388 0.1467369900032838 
1396 1369 0.14656690947279985 
1397 1384 0.14639712447752257 
1398 1393 0.1462276343331448 
1399 1393 0.14605843835733884 
1400 1398 0.14588953586974954 
1401 1399 0.14572092619198768 
1402 1394 0.14555260864762287 
1403 1394 0.14538458256217696 
1397 1404 0.1452168472631172 
1405 1404 0.1450494020798495 
1397 1386 0.14488224634371186 
1402 1386 0.14471537938796747 
1396 1401 0.14454880054779828 
1406 1402 0.14438250916029827 
1407 1375 0.14421650456446686 
1408 1400 0.14405078610120228 
1409 1395 0.1438853531132952 
1410 1395 0.14372020494542212 
1411 1396 0.1435553409441388 
1412 1408 0.1433907604578739 
1412 1405 0.1432264628369225 
1391 1407 0.14306244743343974 
1413 1407 0.14289871360143433 
1414 1412 0.14273526069676232 
1415 1412 0.1425720880771206 
1416 1411 0.14240919510204084 
1417 1414 0.14224658113288288 
1418 1415 0.14208424553282878 
1419 1391 0.1419221876668763 
1420 1418 0.14176040690183309 
1421 1403 0.14159890260631 
1422 1417 0.14143767415071526 
1423 1409 0.1412767209072483 
1421 1423 0.14111604224989355 
1424 1423 0.14095563755441437 
1406 1421 0.1407955061983471 
1425 1381 0.1406356475609949 
1426 1378 0.1404760610234217 
1427 1416 0.1403167459684464 
1425 1392 0.1401577017806367 
1428 1322 0.13999892784630322 
1429 1425 0.13984042355349374 
1430 1425 0.13968218829198706 
1422 1427 0.1395242214532872 
1431 1427 0.13936652243061762 
1432 1427 0.13920909061891537 
1433 1419 0.13905192541482528 
1253 1340 0.1388950262166941 
1434 1340 0.13873839242456487 
1426 1435 0.13858202344017115 
1431 1435 0.13842591866693119 
1436 1426 0.13827007750994239 
1437 1436 0.13811449937597556 
1438 1253 0.13795918367346938 
1439 1433 0.13780412981252452 
1440 1433 0.13764933720489836 
1343 1429 0.13749480526399913 
1441 1438 0.1373405334048806 
1442 1438 0.13718652104423626 
1443 1437 0.13703276760039415 
1444 1437 0.13687927249331105 
1445 1432 0.13672603514456724 
1446 1406 0.1365730549773609 
1447 1430 0.13642033141650278 
1448 1443 0.13626786388841064 
1449 1439 0.1361156518211042 
1450 1410 0.13596369464419933 
1451 1440 0.13581199178890305 
1452 1440 0.13566054268800803 
1451 1449 0.1355093467758874 
1413 1449 0.13535840348848938 
1453 1449 0.13520771226333203 
1454 1413 0.13505727253949806 
1455 1454 0.1349070837576296 
1456 1454 0.13475714535992298 
1457 1379 0.13460745679012348 
1343 1379 0.13445801749352035 
1458 1379 0.13430882691694146 
1459 1364 0.1341598845087484 
1460 1343 0.13401118971883125 
1461 1462 0.13386274199860343 
1463 1301 0.1337145408009968 
1464 1455 0.1335665855804565 
1465 1339 0.13341887579293601 
1466 1382 0.13327141089589215 
1467 1377 0.13312419034827996 
1468 1464 0.13297721361054798 
1469 1453 0.13283048014463306 
1470 1459 0.13268398941395554 
1471 1300 0.1325377408834144 
1472 1460 0.1323917340193824 
1470 1461 0.13224596828970092 
1473 1470 0.13210044316367553 
1474 1470 0.13195515811207081 
1475 1447 0.1318101126071058 
1472 1476 0.13166530612244898 
1477 1476 0.1315207381332137 
1478 1472 0.13137640811595322 
1479 1472 0.1312323155486562 
1480 1478 0.13108845991074178 
1481 1473 0.130944840683055 
1482 1458 0.130801457347862 
1483 1479 0.1306583093888456 
1484 1466 0.13051539629110026 
1485 1466 0.1303727175411278 
1486 1484 0.13023027262683268 
1487 1467 0.1300880610375173 
1486 1467 0.1299460822638775 
1452 1475 0.1298043357979981 
1480 1475 0.12966282113334818 
1488 1475 0.12952153776477665 
1489 1474 0.12938048518850775 
1490 1448 0.12923966290213657 
1482 1481 0.1290990704046244 
1477 1482 0.12895870719629463 
1491 1482 0.12881857277882797 
1492 1491 0.12867866665525815 
1493 1488 0.12853898832996755 
1494 1489 0.12839953730868275 
1495 1490 0.12826031309847027 
1496 1490 0.12812131520773204 
1497 1490 0.12798254314620117 
1468 1487 0.12784399642493763 
1498 1487 0.12770567455632392 
1499 1495 0.12756757705406077 
1500 1496 0.12742970343316287 
1494 1500 0.12729205320995468 
1501 1494 0.12715462590206605 
1502 1486 0.12701742102842808 
1424 1446 0.12688043810926897 
1503 1446 0.12674367666610967 
1504 1450 0.12660713622175981 
1505 1444 0.12647081630031357 
1506 1501 0.12633471642714542 
1507 1485 0.12619883612890606 
1508 1468 0.12606317493351835 
1509 1510 0.12592773237017305 
1511 1497 0.12579250796932487 
1504 1509 0.12565750126268846 
1512 1504 0.12552271178323415 
1513 1504 0.1253881390651841 
1514 1512 0.12525378264400813 
1499 1505 0.12511964205641984 
1515 1505 0.1249857168403725 
1516 1513 0.12485200653505521 
1517 1445 0.1247185106808888 
1518 1508 0.12458522881952191 
1519 1508 0.12445216049382718 
1520 1515 0.12431930524789711 
1521 1299 0.12418666262704034 
1522 1517 0.12405423217777777 
1523 1517 0.12392201344783847 
1522 1524 0.12379000598615604 
1525 1524 0.12365820934286469 
1526 1503 0.12352662306929535 
1527 1522 0.12339524671797193 
1525 1528 0.12326407984260751 
1529 1528 0.12313312199810048 
1530 1528 0.12300237274053083 
1531 1529 0.1228718316271564 
1532 1523 0.12274149821640905 
1533 1420 0.12261137206789098 
1534 1471 0.12248145274237109 
1521 1471 0.12235173980178109 
1535 1532 0.12222223280921195 
1536 1527 0.12209293132891016 
1520 1535 0.1219638349262741 
1537 1535 0.12183494316785039 
1538 1530 0.12170625562133018 
1518 1456 0.12157777185554561 
1539 1456 0.12144949144046617 
1540 1456 0.12132141394719509 
1541 1534 0.12119353894796574 
1541 1428 0.1210658660161381 
1542 1428 0.12093839472619522 
1543 1428 0.1208111246537396 
1526 1544 0.12068405537548968 
1545 1544 0.12055718646927634 
1514 1526 0.12043051751403942 
1546 1526 0.12030404808982416 
1547 1545 0.12017777777777779 
1547 1533 0.12005170616014596 
1548 1533 0.11992583282026943 
1549 1533 0.11980015734258052 
1543 1541 0.11967467931259967 
1531 1548 0.11954939831693208 
1550 1537 0.11942431394326436 
1538 1536 0.11929942578036097 
1551 1536 0.11917473341806097 
1552 1536 0.1190502364472746 
1553 1538 0.11892593445997995 
1554 1549 0.11880182704921963 
1555 1546 0.11867791380909737 
1556 1463 0.11855419433477478 
1483 1492 0.11843066822246802 
1557 1492 0.11830733506944445 
1556 1558 0.11818419447401947 
1245 1558 0.11806124603555304 
1559 1556 0.11793848935444676 
1560 1521 0.11781592403214024 
1469 1539 0.11769354967110811 
1561 1560 0.11757136587485671 
1562 1560 0.11744937224792093 
1563 1469 0.11732756839586095 
1564 1245 0.1172059539252591 
1565 1245 0.11708452844371661 
1442 1566 0.11696329155985058 
1434 1442 0.11684224288329069 
1567 1442 0.11672138202467612 
1568 1434 0.11660070859565237 
1319 1564 0.1164802222088683 
1542 1319 0.1163599224779728 
1569 1319 0.11623980901761181 
1570 1568 0.11611988144342522 
1571 1568 0.11600013937204383 
1572 1483 0.11588058242108619 
1573 1483 0.11576121020915567 
1570 1561 0.11564202235583732 
1574 1554 0.11552301848169486 
1575 1493 0.11540419820826772 
1576 1562 0.11528556115806796 
1577 1574 0.11516710695457727 
1578 1574 0.1150488352222441 
1575 1572 0.11493074558648052 
1579 1577 0.11481283767365932 
1580 1575 0.11469511111111111 
1581 1575 0.11457756552712128 
1540 1563 0.11446020055092716 
1582 1580 0.11434301581271504 
1583 1578 0.11422601094361723 
1584 1581 0.11410918557570922 
1579 1555 0.11399253934200677 
1585 1555 0.11387607187646302 
1586 1551 0.11375978281396558 
1587 1540 0.11364367179033379 
1588 1550 0.11352773844231569 
1589 1587 0.11341198240758533 
1588 1552 0.11329640332473988 
1590 1583 0.11318100083329678 
1591 1588 0.113065774573691 
1592 1465 0.11295072418727217 
1593 1591 0.11283584931630186 
1594 1543 0.1127211496039507 
1595 1543 0.11260662469429573 
1596 1507 0.11249227423231754 
1597 1507 0.11237809786389753 
1598 1507 0.11226409523581529 
1502 1596 0.11215026599574571 
1519 1498 0.11203660979225627 
1502 1498 0.11192312627480447 
1599 1498 0.11180981509373497 
1600 1519 0.111696675900277 
1601 1519 0.11158370834654163 
1602 1600 0.11147091208551907 
1589 1602 0.11135828677107609 
1603 1502 0.11124583205795328 
1604 1593 0.11113354760176244 
1605 1576 0.11102143305898392 
1585 1516 0.11090948808696409 
1606 1516 0.11079771234391259 
1607 1589 0.11068610548889973 
1608 1589 0.11057466718185403 
1609 1511 0.11046339708355948 
1610 1511 0.11035229485565304 
1611 1607 0.11024136016062198 
1597 1592 0.11013059266180147 
1559 1592 0.11001999202337188 
1612 1592 0.1099095579103563 
1613 1609 0.10979928998861797 
1614 1609 0.10968918792485781 
1615 1584 0.10957925138661188 
1616 1506 0.10946948004224881 
1617 1565 0.10935987356096738 
1618 1571 0.10925043161279396 
1619 1569 0.10914115386858012 
1620 1621 0.10903204 
1608 1621 0.10892308967954803 
1582 1620 0.10881430258053636 
1622 1615 0.10870567837709239 
1623 1615 0.10859721674415641 
1624 1610 0.10848891735747913 
1625 1610 0.10838077989361923 
1626 1585 0.10827280402994104 
1627 1585 0.10816498944461198 
1628 1626 0.1080573358166003 
1629 1622 0.10794984282567263 
1630 1628 0.10784251015239157 
1631 1628 0.10773533747811342 
1632 1594 0.1076283244849857 
1633 1595 0.10752147085594484 
1634 1590 0.10741477627471385 
1635 1553 0.10730824042579996 
1636 1611 0.10720186299449229 
1557 1573 0.1070956436668595 
1629 1573 0.10698958212974757 
1637 1573 0.10688367807077737 
1616 1613 0.10677793117834239 
1638 1616 0.10667234114160652 
1639 1640 0.10656690765050168 
1557 1640 0.10646163039572559 
1641 1639 0.10635650906873952 
1642 1639 0.10625154336176595 
1638 1641 0.1061467329677864 
1643 1612 0.10604207758053913 
1644 1612 0.10593757689451695 
1645 1557 0.10583323060496491 
1646 1633 0.10572903840787827 
1647 1634 0.10562499999999998 
1635 1634 0.10552111507881877 
1630 1647 0.10541738334256673 
1648 1630 0.10531380449021727 
1649 1624 0.10521037822148285 
1650 1623 0.10510710423681288 
1651 1629 0.10500398223739144 
1652 1635 0.1049010119251352 
1653 1635 0.10479819300269128 
1654 1642 0.10469552517343504 
1655 1604 0.10459300814146794 
1603 1599 0.10449064161161555 
1656 1599 0.1043884252894252 
1657 1598 0.10428635888116403 
1658 1598 0.10418444209381679 
1659 1652 0.10408267463508383 
1660 1603 0.1039810562133789 
1661 1655 0.10387958653782714 
1662 1655 0.10377826531826294 
1649 1661 0.10367709226522792 
1663 1659 0.10357606708996882 
1664 1649 0.10347518950443545 
1665 1657 0.10337445922127865 
1666 1653 0.10327387595384824 
1667 1662 0.103173439416191 
1668 1665 0.10307314932304858 
1660 1668 0.1029730053898555 
1669 1586 0.10287300733273719 
1601 1656 0.10277315486850787 
1670 1656 0.10267344771466864 
1671 1660 0.10257388558940544 
1669 1672 0.10247446821158707 
1673 1672 0.10237519530076318 
1663 1669 0.10227606657716233 
1674 1669 0.10217708176168999 
1675 1631 0.10207824057592657 
1676 1674 0.10197954274212555 
1677 1643 0.1018809879832114 
1678 1644 0.10178257602277765 
1679 1648 0.1016843065850851 
1680 1678 0.1015861793950597 
1681 1650 0.10148819417829075 
1682 1680 0.10139035066102892 
1683 1667 0.10129264857018436 
1684 1625 0.1011950876333248 
1685 1681 0.10109766757867365 
1686 1681 0.10100038813510809 
1687 1614 0.10090324903215715 
1688 1654 0.10080624999999999 
1689 1685 0.10070939076946381 
1673 1683 0.10061267107202211 
1690 1683 0.1005160906397928 
1691 1683 0.10041964920553638 
1692 1684 0.100323346502654 
1693 1684 0.1002271822651857 
1694 1686 0.10013115622780859 
1695 1692 0.10003526812583492 
1696 1689 0.09993951769521035 
1697 1651 0.09984390467251208 
1698 1687 0.09974842879494707 
1699 1687 0.09965308980035023 
1700 1687 0.09955788742718258 
1693 1698 0.09946282141452953 
1701 1699 0.09936789150209899 
1690 1695 0.09927309743021968 
1688 1702 0.09917843893983935 
1703 1702 0.09908391577252293 
1704 1645 0.09898952767045086 
1701 1688 0.09889527437641724 
1705 1688 0.09880115563382819 
1706 1637 0.0987071711867 
1636 1601 0.09861332077965743 
1707 1664 0.09851960415793201 
1708 1700 0.09842602106736026 
1696 1709 0.09833257125438195 
1710 1709 0.09823925446603846 
1706 1711 0.098146070449971 
1712 1711 0.09805301895441897 
1694 1706 0.09796009972821815 
1713 1706 0.09786731252079911 
1714 1705 0.0977746570821855 
1715 1691 0.09768213316299232 
1704 1712 0.09758974051442428 
1716 1696 0.0974974788882741 
1703 1704 0.09740534803692096 
1717 1707 0.0973133477133286 
1718 1675 0.0972214776710439 
1718 1679 0.09712973766419511 
1719 1713 0.09703812744749021 
1720 1716 0.09694664677621531 
1721 1716 0.09685529540623299 
1722 1636 0.09676407309398068 
1723 1718 0.09667297959646902 
1627 1723 0.09658201467128029 
1606 1627 0.09649117807656671 
1724 1627 0.0964004695710489 
1725 1606 0.09630988891401435 
1726 1720 0.0962194358653156 
1727 1697 0.09612911018536886 
1728 1721 0.09603891163515232 
1729 1717 0.09594883997620464 
1730 1717 0.09585889497062326 
1722 1710 0.09576907638106297 
1726 1710 0.09567938397073422 
1670 1722 0.09558981750340165 
1731 1722 0.09550037674338248 
1732 1676 0.09541106145554495 
1733 1708 0.09532187140530685 
1729 1732 0.09523280635863393 
1734 1729 0.09514386608203833 
1735 1726 0.09505505034257711 
1736 1727 0.09496635890785068 
1737 1736 0.09487779154600133 
1738 1736 0.09478934802571166 
1728 1735 0.09470102811620311 
1739 1735 0.09461283158723441 
1740 1719 0.09452475820910015 
1741 1719 0.09443680775262922 
1742 1728 0.09434897998918336 
1743 1605 0.09426127469065558 
1744 1605 0.0941736916294689 
1745 1743 0.09408623057857461 
1746 1743 0.09399889131145095 
1747 1745 0.09391167360210162 
1748 1567 0.0938245772250543 
1738 1742 0.0937376019553592 
1749 1737 0.0936507475685876 
1747 1646 0.09356401384083045 
1750 1746 0.09347740054869685 
1751 1746 0.09339090746931265 
1671 1670 0.09330453438031905 
1752 1714 0.09321828105987107 
1753 1740 0.0931321472866363 
1754 1749 0.09304613283979325 
1755 1749 0.09296023749903017 
1753 1741 0.09287446104454343 
1632 1747 0.09278880325703626 
1619 1632 0.0927032639177173 
1756 1753 0.09261784280829918 
1757 1715 0.09253253971099717 
1754 1756 0.09244735440852776 
1758 1756 0.09236228668410729 
1748 1759 0.09227733632145056 
1748 1618 0.09219250310476944 
1744 1618 0.09210778681877162 
1760 1618 0.09202318724865903 
1761 1748 0.09193870418012666 
1758 1754 0.09185433739936112 
1733 1762 0.09177008669303931 
1763 1762 0.09168595184832705 
1733 1764 0.09160193265287776 
1757 1764 0.09151802889483115 
1765 1733 0.0914342403628118 
1766 1757 0.09135056684592788 
1767 1744 0.09126700813376984 
1768 1738 0.09118356401640904 
1769 1758 0.09110023428439651 
1770 1758 0.09101701872876154 
1771 1769 0.0909339171410104 
1772 1769 0.09085092931312508 
1773 1766 0.09076805503756194 
1774 1771 0.09068529410725043 
1775 1771 0.0906026463155918 
1776 1765 0.09052011145645779 
1777 1772 0.09043768932418937 
1778 1774 0.09035537971359547 
1776 1773 0.09027318241995164 
1779 1775 0.09019109723899882 
1780 1775 0.09010912396694214 
1781 1770 0.0900272624004495 
1782 1770 0.08994551233665043 
1783 1776 0.0898638735731348 
1784 1776 0.08978234590795155 
1785 1619 0.08970092913960746 
1786 1752 0.08961962306706592 
1666 1724 0.08953842748974564 
1787 1781 0.08945734220751943 
1788 1666 0.08937636702071304 
1789 1779 0.08929550173010381 
1790 1779 0.08921474613691951 
1789 1755 0.08913410004283719 
1791 1755 0.08905356324998177 
1792 1789 0.08897313556092501 
1739 1768 0.08889281677868421 
1617 1785 0.08881260670672106 
1793 1785 0.08873250514894034 
1731 1739 0.08865251190968883 
1794 1739 0.08857262679375405 
1786 1763 0.08849284960636312 
1795 1783 0.08841318015318152 
1778 1780 0.08833361824031188 
1796 1792 0.08825416367429294 
1787 1786 0.08817481626209822 
1797 1786 0.08809557581113495 
1798 1671 0.08801644212924281 
1799 1671 0.08793741502469286 
1800 1784 0.08785849430618632 
1801 1734 0.0877796797828534 
1802 1730 0.08770097126425225 
1803 1788 0.08762236856036763 
1799 1798 0.08754387148160996 
1731 1798 0.087465479838814 
1804 1798 0.08738719344323786 
1805 1799 0.08730901210656175 
1806 1797 0.08723093564088695 
1807 1805 0.08715296385873458 
1808 1805 0.08707509657304452 
1807 1658 0.08699733359717429 
1682 1658 0.08691967474489795 
1777 1778 0.08684211983040496 
1809 1778 0.08676466866829906 
1810 1682 0.08668732107359718 
1796 1791 0.08661007686172834 
1811 1791 0.0865329358485325 
1812 1801 0.08645589785025957 
1813 1801 0.08637896268356819 
1814 1731 0.08630213016552474 
1815 1803 0.08622540011360218 
1725 1803 0.08614877234567901 
1816 1777 0.08607224668003814 
1817 1816 0.08599582293536591 
1818 1816 0.08591950093075092 
1819 1800 0.08584328048568295 
1820 1796 0.08576716142005202 
1821 1796 0.08569114355414718 
1790 1820 0.08561522670865554 
1822 1790 0.08553941070466116 
1782 1817 0.08546369536364402 
1823 1782 0.08538808050747904 
1824 1815 0.08531256595843485 
1825 1809 0.08523715153917294 
1826 1818 0.08516183707274647 
1827 1822 0.08508662238259936 
1828 1725 0.08501150729256514 
1829 1806 0.084936491626866 
1830 1795 0.08486157521011176 
1826 1825 0.08478675786729872 
1831 1825 0.08471203942380887 
1823 1832 0.08463741970540861 
1833 1832 0.08456289853824793 
1834 1832 0.08448847574885934 
1831 1827 0.08441415116415682 
1835 1827 0.08433992461143483 
1823 1826 0.08426579591836734 
1833 1836 0.08419176491300681 
1829 1836 0.0841178314237832 
1837 1824 0.08404399527950292 
1838 1823 0.08397025630934794 
1830 1829 0.08389661434287474 
1839 1829 0.0838230692100133 
1840 1830 0.0837496207410662 
1839 1830 0.08367626876670754 
1813 1812 0.08360301311798209 
1841 1812 0.08352985362630416 
1819 1840 0.08345679012345679 
1842 1839 0.08338382244159064 
1677 1810 0.08331095041322313 
1843 1810 0.08323817387123747 
1844 1617 0.0831654926488816 
1845 1617 0.08309290657976738 
1813 1802 0.08302041549786952 
1846 1802 0.0829480192375247 
1847 1813 0.08287571763343062 
1837 1841 0.08280351052064494 
1848 1837 0.0827313977345846 
1811 1821 0.0826593791110246 
1849 1821 0.08258745448609718 
1850 1821 0.08251562369629097 
1851 1811 0.08244388657844991 
1835 1849 0.08237224296977241 
1852 1835 0.08230069270781046 
1819 1846 0.08222923563046859 
1853 1819 0.08215787157600309 
1808 1804 0.08208660038302097 
1814 1804 0.08201542189047915 
1854 1842 0.0819443359376835 
1855 1808 0.08187334236428787 
1856 1852 0.08180244101029338 
1857 1848 0.08173163171604729 
1858 1848 0.08166091432224225 
1859 1834 0.08159028866991534 
1860 1834 0.08151975460044722 
1844 1677 0.08144931195556117 
1861 1677 0.08137896057732229 
1862 1857 0.08130870030813654 
1863 1857 0.08123853099074992 
1864 1865 0.08116845246824753 
1866 1843 0.08109846458405275 
1814 1794 0.08102856718192626 
1867 1794 0.0809587601059654 
1868 1855 0.080889043200603 
1869 1847 0.08081941631060671 
1870 1847 0.08074987928107809 
1871 1814 0.08068043195745173 
1858 1869 0.08061107418549442 
1872 1869 0.08054180581130427 
1873 1859 0.08047262668130986 
1874 1838 0.0804035366422694 
1875 1838 0.08033453554126987 
1864 1761 0.0802656232257262 
1876 1761 0.08019679954338033 
1877 1862 0.08012806434230056 
1878 1864 0.08005941747088051 
1879 1863 0.0799908587778384 
1880 1874 0.07992238811221618 
1856 1874 0.07985400532337868 
1881 1880 0.07978571026101286 
1882 1873 0.07971750277512689 
1883 1875 0.07964938271604939 
1883 1860 0.07958134993442854 
1884 1854 0.07951340428123138 
1884 1882 0.07944554560774288 
1885 1884 0.07937777376556511 
1886 1884 0.07931008860661662 
1887 1885 0.0792424899831314 
1888 1886 0.07917497774765817 
1889 1883 0.07910755175305961 
1890 1883 0.07904021185251153 
1891 1867 0.07897295789950204 
1892 1856 0.07890578974783077 
1893 1856 0.07883870725160813 
1850 1892 0.07877171026525442 
1750 1767 0.07870479864349914 
1894 1750 0.0786379722413801 
1895 1893 0.07857123091424272 
1896 1888 0.07850457451773925 
1897 1850 0.07843800290782789 
1898 1897 0.07837151594077213 
1899 1897 0.0783051134731399 
1900 1889 0.07823879536180281 
1896 1900 0.07817256146393539 
1901 1896 0.07810641163701436 
1902 1901 0.07804034573881774 
1891 1851 0.07797436362742426 
1898 1851 0.07790846516121241 
1870 1872 0.07784265019885987 
1903 1872 0.07777691859934258 
1904 1871 0.07771127022193411 
1879 1905 0.07764570492620484 
1906 1905 0.07758022257202123 
1898 1891 0.07751482301954506 
1907 1891 0.0774495061292327 
1908 1898 0.07738427176183436 
1909 1870 0.07731911977839336 
1903 1870 0.07725405004024533 
1910 1879 0.07718906240901757 
1911 1907 0.07712415674662823 
1912 1907 0.07705933291528562 
1913 1909 0.07699459077748745 
1853 1887 0.07692993019602018 
1914 1887 0.07686535103395815 
1915 1853 0.07680085315466298 
1916 1910 0.0767364364217828 
1917 1902 0.07667210069925152 
1918 1904 0.07660784585128814 
1919 1920 0.07654367174239601 
1890 1920 0.07647957823736214 
1917 1919 0.07641556520125642 
1921 1917 0.07635163249943104 
1922 1917 0.07628777999751964 
1923 1921 0.07622400756143666 
1924 1918 0.07616031505737673 
1913 1915 0.0760967023518138 
1925 1915 0.07603316931150056 
1926 1922 0.07596971580346766 
1927 1913 0.0759063416950231 
1928 1924 0.0758430468537515 
1929 1928 0.07577983114751335 
1912 1911 0.07571669444444444 
1930 1911 0.07565363661295507 
1881 1890 0.0755906575217294 
1931 1890 0.07552775703972477 
1932 1929 0.075464935036171 
1933 1876 0.07540219138056975 
1934 1878 0.07533952594269383 
1899 1908 0.07527693859258647 
1935 1908 0.07521442920056069 
1936 1760 0.07515199763719868 
1937 1925 0.075089643773351 
1895 1899 0.07502736748013607 
1938 1899 0.07496516862893933 
1939 1914 0.07490304709141275 
1927 1940 0.07484100273947404 
1941 1940 0.07477903544530605 
1942 1927 0.07471714508135607 
1943 1912 0.07465533152033528 
1895 1881 0.07459359463521793 
1944 1881 0.07453193429924083 
1945 1861 0.07447035038590259 
1946 1895 0.07440884276896309 
1947 1894 0.0743474113224427 
1948 1923 0.07428605592062176 
1949 1926 0.07422477643803985 
1950 1916 0.07416357274949517 
1951 1942 0.07410244473004393 
1930 1932 0.07404139225499969 
1952 1932 0.07398041519993268 
1953 1930 0.0739195134406693 
1941 1903 0.07385868685329133 
1954 1903 0.07379793531413537 
1952 1953 0.07373725869979224 
1943 1953 0.0736766568871063 
1955 1952 0.07361612975317486 
1956 1952 0.07355567717534754 
1957 1941 0.07349529903122565 
1958 1941 0.07343499519866159 
1959 1933 0.0733747655557582 
1954 1957 0.07331460998086817 
1960 1957 0.07325452835259338 
1877 1954 0.07319452054978441 
1961 1954 0.07313458645153977 
1962 1877 0.07307472593720536 
1963 1877 0.07301493888637392 
1950 1962 0.07295522517888432 
1906 1950 0.07289558469482105 
1906 1964 0.07283601731451354 
1965 1964 0.0727765229185356 
1966 1965 0.07271710138770486 
1967 1943 0.07265775260308205 
1935 1967 0.07259847644597058 
1968 1967 0.07253927279791574 
1969 1949 0.07248014154070433 
1969 1970 0.0724210825563639 
1931 1970 0.07236209572716223 
1971 1969 0.07230318093560674 
1972 1969 0.07224433806444389 
1944 1931 0.0721855669966586 
1946 1944 0.07212686761547368 
1973 1944 0.07206823980434926 
1948 1939 0.07200968344698219 
1938 1946 0.07195119842730545 
1974 1946 0.0718927846294876 
1975 1976 0.07183444193793219 
1935 1938 0.07177617023727725 
1977 1935 0.07171796941239461 
1948 1971 0.07165983934838942 
1978 1979 0.07160177993059952 
1980 1948 0.07154379104459493 
1981 1972 0.07148587257617728 
1982 1966 0.0714280244113792 
1983 1966 0.07137024643646381 
1982 1978 0.0713125385379241 
1984 1978 0.07125490060248248 
1985 1978 0.0711973325170901 
1984 1982 0.07113983416892637 
1986 1984 0.07108240544539843 
1987 1986 0.0710250462341405 
1988 1985 0.07096775642301341 
1989 1868 0.07091053590010406 
1990 1868 0.0708533845537248 
1989 1866 0.07079630227241294 
1991 1866 0.07073928894493024 
1992 1989 0.07068234446026227 
1993 1793 0.07062546870761795 
1845 1793 0.07056866157642898 
1994 1993 0.0705119229563493 
1937 1995 0.07045525273725457 
1951 1995 0.07039865080924165 
1996 1995 0.07034211706262801 
1997 1937 0.07028565138795126 
1998 1968 0.07022925367596855 
1999 1968 0.07017292381765614 
2000 1973 0.07011666170420879 
2001 1973 0.07006046722703925 
2002 1981 0.07000434027777779 
1997 1980 0.06994828074827157 
2001 1980 0.06989228853058428 
1974 2000 0.06983636351699544 
2003 2000 0.06978050559999999 
2004 1955 0.0697247146723078 
1956 1955 0.06966899062684305 
2004 1998 0.06961333335674377 
2005 1999 0.06955774275536139 
1977 2005 0.0695022187162601 
2006 1977 0.06944676113321643 
2007 1977 0.06939136990021876 
2008 2006 0.06933604491146672 
1958 1951 0.06928078606137078 
2009 1951 0.06922559324455167 
2008 1974 0.06917046635583997 
2010 1963 0.06911540529027546 
1960 1958 0.06906040994310682 
2009 1958 0.06900548020979096 
1961 1960 0.06895061598599259 
2011 1960 0.06889581716758374 
1991 1945 0.06884108365064324 
2012 1945 0.06878641533145624 
2013 1956 0.06873181210651372 
2014 1956 0.06867727387251198 
2010 1983 0.06862280052635215 
2015 2013 0.06856839196513977 
2016 1991 0.0685140480861842 
2017 1961 0.06845976878699822 
2018 2019 0.06840555396529752 
2020 2019 0.06835140351900018 
2021 2018 0.06829731734622624 
1994 2021 0.06824329534529723 
2020 1751 0.06818933741473561 
2022 2020 0.06813544345326439 
2023 1994 0.06808161335980659 
2024 2023 0.06802784703348483 
2025 2023 0.06797414437362076 
1990 2015 0.06792050527973469 
1845 2012 0.06786692965154505 
2026 1845 0.06781341738896794 
2027 1990 0.06775996839211673 
2028 1987 0.06770658256130146 
2029 2017 0.0676532597970285 
2030 2011 0.0676 
2029 2010 0.06754680307111346 
2031 2010 0.06749366891146133 
2031 2029 0.06744059742233041 
2030 2029 0.06738758850520153 
2032 2031 0.06733464206174904 
2033 2030 0.06728175799384029 
2034 2009 0.0672289362035353 
2027 2014 0.06717617659308621 
2035 2027 0.06712347906493688 
2036 2002 0.0670708435217224 
2037 1936 0.06701826986626869 
2038 2039 0.06696575800159196 
2036 2039 0.06691330783089838 
2040 2038 0.06686091925758357 
2003 2036 0.06680859218523214 
2041 2036 0.06675632651761727 
2033 2042 0.0667041221587003 
2043 2042 0.0666519790126302 
2044 2040 0.06659989698374326 
2045 2044 0.0665478759765625 
2046 2033 0.06649591589579736 
2047 1996 0.06644401664634321 
2048 2045 0.06639217813328088 
2049 2034 0.0663404002618763 
2050 2043 0.06628868293758003 
2051 2041 0.0662370260660268 
2049 2050 0.06618542955303515 
2052 1947 0.06613389330460691 
1975 1934 0.06608241722692686 
2053 1934 0.06603100122636225 
2054 1934 0.0659796452094624 
2037 1959 0.06592834908295825 
2055 1975 0.06587711275376193 
2056 2049 0.06582593612896642 
2057 2022 0.06577481911584503 
2058 2022 0.065723761621851 
2059 2057 0.06567276355461713 
2060 2016 0.0656218248219553 
2061 1992 0.06557094533185612 
2062 2060 0.06552012499248844 
2063 2035 0.065469363712199 
2047 2048 0.06541866139951197 
2064 2026 0.06536801796312859 
2047 2056 0.0653174333119267 
2065 2056 0.06526690735496035 
2066 1988 0.06521644000145946 
2067 2037 0.06516603116082927 
2052 2059 0.06511568074265006 
2067 2052 0.06506538865667669 
2068 2052 0.0650151548128382 
2069 2066 0.06496497912123744 
2070 2066 0.06491486149215059 
2071 2067 0.06486480183602684 
2068 2067 0.06481480006348796 
2072 2053 0.06476485608532788 
2071 2072 0.06471496981251232 
2073 2071 0.06466514115617839 
2074 2068 0.0646153700276342 
2075 2068 0.06456565633835845 
2076 2064 0.06451599999999999 
2077 2065 0.06446640092437755 
2073 2074 0.06441685902347925 
2078 2073 0.0643673742094622 
2079 2075 0.06431794639465221 
2080 2061 0.06426857549154329 
2081 2061 0.06421926141279732 
2025 2024 0.06417000407124368 
2058 2024 0.06412080337987881 
2082 2025 0.06407165925186586 
2083 2058 0.06402257160053433 
2069 2084 0.06397354033937964 
2007 2085 0.06392456538206276 
2086 2085 0.06387564664240984 
2087 2007 0.06382678403441185 
2088 2007 0.06377797747222415 
2076 2082 0.06372922687016619 
2089 2069 0.06368053214272104 
2070 2069 0.06363189320453509 
2090 2032 0.06358330997041767 
2091 2032 0.0635347823553406 
2092 2080 0.06348631027443792 
2092 2063 0.06343789364300546 
2093 2076 0.0633895323765005 
2094 2086 0.06334122639054134 
2095 2051 0.06329297560090703 
2096 2097 0.0632447799235369 
2093 2097 0.0631966392745303 
2087 2092 0.06314855357014612 
2098 2092 0.06310052272680251 
2099 2062 0.0630525466610765 
2100 2062 0.06300462528970362 
2096 2099 0.06295675852957752 
2101 2095 0.06290894629774968 
2102 2100 0.06286118851142901 
2103 2077 0.06281348508798144 
2101 2094 0.06276583594492967 
2104 2101 0.06271824099995268 
2105 2101 0.06267070017088554 
2106 2096 0.0626232133757189 
2103 2104 0.06257578053259871 
2107 2105 0.06252840155982589 
2108 2098 0.06248107637585591 
2109 2098 0.062433804899298534 
2110 2078 0.0623865870489173 
2111 2078 0.06233942274362943 
2112 2108 0.06229231190250518 
2113 2108 0.0622452544447678 
2081 2112 0.062198250289792895 
2114 2103 0.06215129935710835 
2115 2109 0.062104401566393734 
2116 2089 0.06205755683748016 
2117 2089 0.06201076509034987 
2118 2113 0.061964026245135785 
2091 2090 0.06191734022212139 
2119 2090 0.06187070694174016 
2120 2090 0.061824126324575415 
2121 2093 0.06177759829135981 
2122 2093 0.06173112276297516 
2123 2107 0.06168469966045196 
2124 2114 0.0616383289049692 
2125 2114 0.06159201041785383 
2123 2124 0.06154574412058068 
2028 2091 0.06149952993477184 
2126 2123 0.0614533677821966 
2127 2123 0.061407257584770975 
2128 2125 0.06136119926455731 
2129 2126 0.06131519274376418 
2130 2127 0.06126923794474576 
2131 2070 0.061223334790001804 
2132 2070 0.06117748320217705 
2133 2028 0.06113168310406111 
2134 2133 0.06108593441858797 
2119 2046 0.06104023706883582 
2135 2119 0.06099459097802658 
2102 2081 0.06094899606952571 
2136 2081 0.06090345226684184 
2136 2102 0.060857959493626365 
2137 2106 0.0608125176736733 
2135 2128 0.06076712673091876 
2138 2135 0.060721786589440864 
2139 2136 0.06067649717345915 
2140 2136 0.06063125840733457 
2141 2130 0.060586070215568846 
2134 2131 0.060540932522804465 
2054 2142 0.06049584525382409 
2143 2134 0.060450808333550494 
2144 2137 0.06040582168704602 
2145 2137 0.06036088523951246 
2146 2054 0.06031599891629064 
2147 2146 0.060271162642860095 
2148 2146 0.06022637634483886 
2149 2144 0.06018163994798301 
2111 2147 0.06013695337818655 
2111 2110 0.060092316561480896 
2079 2110 0.06004772942403476 
2150 2110 0.06000319189215367 
2151 2111 0.059958703892279835 
2152 2079 0.059914265350991674 
2153 2079 0.05986987619500367 
2083 2152 0.059825536351165984 
2154 2115 0.059781245746464096 
2121 2083 0.05973700430801868 
2155 2083 0.05969281196308509 
2088 2129 0.05964866863905326 
2156 2088 0.05960457426344723 
2157 2088 0.059560528763925015 
2158 2151 0.05951653206827815 
2159 2160 0.05947258410443154 
2161 2160 0.05942868480044302 
2162 2154 0.05938483408450322 
2149 2139 0.059341031884935086 
2163 2118 0.059297278130193774 
2164 2148 0.05925357274886626 
2165 2163 0.059209915669670994 
2166 2159 0.059166306821457765 
2167 2159 0.059122746133207234 
2168 2138 0.05907923353403082 
2169 2165 0.05903576895317023 
2170 2158 0.05899235231999737 
2171 2150 0.05894898356401384 
2172 2120 0.05890566261485087 
2173 2156 0.05886238940226883 
2174 2153 0.058819163856157104 
2175 2141 0.058775985906533754 
2157 2166 0.05873285548354514 
2176 2167 0.05868977251746584 
2177 2173 0.05864673693869814 
2178 2155 0.058603748677771954 
2179 2143 0.05856080766534437 
2180 2132 0.05851791383219955 
2181 2116 0.05847506710924826 
2182 2149 0.05843226742752777 
2183 2169 0.05838951471820142 
2184 2169 0.058346808912558494 
2185 2169 0.05830414994201378 
2186 2183 0.05826153773810744 
2162 2186 0.058218972232504704 
2187 2162 0.058176453356995464 
2188 2162 0.05813398104349424 
2189 2184 0.05809155522403963 
2185 2140 0.058049175830794324 
2190 2185 0.05800684279604456 
2191 2187 0.05796455605220009 
2192 2187 0.05792231553179372 
2193 2188 0.05788012116748121 
2194 2188 0.05783797289204081 
2195 2189 0.0577958706383732 
2190 2189 0.05775381433950111 
2180 2179 0.057711803928569005 
2196 2179 0.057669839338842975 
2193 2195 0.05762792050371028 
2197 2193 0.05758604735667929 
2198 2193 0.057544219831379 
2191 2194 0.057502437861559 
2199 2194 0.05746070138108899 
2200 2191 0.057419010323958714 
2201 2191 0.05737736462427751 
2192 2200 0.057335764216274274 
2161 2192 0.057294209034296925 
2202 2190 0.05725269901281242 
2203 2180 0.05721123408640634 
2204 2180 0.057169814189782606 
2117 2203 0.057128439257763355 
2198 2202 0.057087109225288535 
2205 2117 0.05704582402741581 
2182 2198 0.05700458359932011 
2206 2161 0.0569633878762936 
2207 2182 0.056922236793745196 
2208 2207 0.05688113028720052 
2201 2199 0.056840068292301475 
2209 2199 0.05679905074480613 
2209 2201 0.0567580775805884 
2210 2201 0.05671714873563776 
2211 2208 0.05667626414605912 
2212 2208 0.056635423748072386 
2213 2211 0.056594627478012444 
2214 2211 0.05655387527232868 
2176 2206 0.05651316706758493 
2215 2209 0.05647250280045905 
2212 2215 0.05643188240774288 
2216 2215 0.05639130582634176 
2217 2176 0.05635077299327453 
2218 2176 0.05631028384567304 
2219 2122 0.056269838320782126 
2220 2219 0.05622943635595925 
2221 2145 0.05618907788867421 
2222 2205 0.05614876285650907 
2223 2175 0.056108491197157724 
2224 2177 0.056068262848425816 
2225 2223 0.05602807774823036 
2226 2225 0.055987935834599656 
2227 2225 0.055947837045672855 
2228 2225 0.05590778131969996 
2229 2226 0.05586776859504132 
2230 2227 0.055827798810167646 
2231 2229 0.05578787190365963 
2232 2196 0.055747987814207686 
2233 2228 0.055708146480611856 
2234 2233 0.05566834784178139 
2235 2231 0.0556285918367347 
2236 2234 0.05558887840459895 
2237 2234 0.05554920748461001 
2230 2236 0.055509579016112004 
2238 2230 0.05546999293855732 
2239 2230 0.05543044919150612 
2240 2238 0.05539094771462639 
2241 2238 0.05535148844769343 
2224 2217 0.05531207133058984 
2242 2237 0.05527269630330521 
2243 2235 0.05523336330593583 
2244 2243 0.05519407227868461 
2245 2232 0.05515482316186066 
2246 2232 0.05511561589587929 
2244 2224 0.05507645042126154 
2247 2224 0.055037326678634195 
2248 2240 0.05499824460872933 
2249 2213 0.05495920415238432 
2250 2174 0.05492020525054136 
2251 2174 0.0548812478442475 
2252 2204 0.05484233187465419 
2253 2242 0.054803457283017255 
2254 2181 0.05476462401069656 
2255 2241 0.054725831999155754 
2249 2221 0.054687081189962204 
2256 2221 0.05464837152478658 
2257 2253 0.05460970294540284 
2258 2259 0.0545710753936878 
2252 2245 0.054532488811621115 
2260 2245 0.05449394314128488 
2255 2248 0.054455438324863596 
2261 2248 0.05441697430464376 
2262 2239 0.05437855102301381 
2263 2239 0.05434016842246386 
2264 2252 0.05430182644558538 
2265 2252 0.05426352503507119 
2257 2262 0.054225264133715013 
2263 2255 0.05418704368441148 
2266 2255 0.054148863630155725 
2267 2257 0.054110723914043334 
2268 2247 0.054072624479269984 
2269 2249 0.05403456526913139 
2270 2254 0.05399654622702292 
2258 2254 0.05395856729643958 
2271 2267 0.053920628420975586 
2261 2168 0.053882729544324354 
2272 2168 0.05384487061027819 
2220 2256 0.05380705156272804 
2273 2220 0.05376927234566343 
2274 2220 0.05373153290317207 
2273 2178 0.053693833179439834 
2250 2178 0.05365617311875038 
2275 2178 0.05361855266548512 
2276 2270 0.05358097176412282 
2277 2246 0.0535434303592396 
2260 2246 0.05350592839550854 
2278 2246 0.053468465817699616 
2279 2272 0.05343104257067946 
2172 2272 0.05339365859941107 
2280 2279 0.053356313848953764 
2281 2277 0.0533190082644628 
2282 2260 0.05328174179118938 
2283 2260 0.05324451437448022 
2264 2284 0.05320732595977757 
2282 2284 0.05317017649261883 
2285 2264 0.0531330659186365 
2286 2258 0.053095994183557836 
2287 2258 0.05305896123320482 
2172 2281 0.05302196701349377 
2285 2282 0.05298501147043533 
2288 2285 0.052948094550134155 
2289 2286 0.052911216198788705 
2290 2287 0.05287437636269117 
2291 2265 0.052837574988227096 
2288 2265 0.05280081202187539 
2292 2291 0.05276408741020794 
2222 2292 0.052727401099889555 
2288 2283 0.05269075303767767 
2293 2283 0.052654143170422295 
2294 2283 0.052617571445065604 
2295 2296 0.05258103780864196 
2294 2288 0.052544542208277645 
2293 2278 0.052508084591190565 
2170 2164 0.052471664904690254 
2297 2170 0.052435283096177475 
2276 2222 0.05239893911314425 
2298 2222 0.05236263290317344 
2218 2210 0.05232636441393877 
2299 2171 0.05229013359320447 
2297 2300 0.052253940388825214 
2301 2300 0.052217784748745825 
2302 2300 0.052181666621001196 
2295 2297 0.052145585953715975 
2303 2295 0.05210954269510453 
2299 2301 0.052073536793470654 
2304 2299 0.052037568197207375 
2251 2304 0.05200163685479686 
2305 2304 0.05196574271481013 
2306 2251 0.051929885725906975 
2307 2274 0.051894065836835646 
2308 2307 0.051858282996432824 
2309 2307 0.05182253715362328 
2310 2269 0.051786828257419856 
2308 2269 0.05175115625692309 
2311 2310 0.05171552110132124 
2312 2294 0.05167992273988998 
2313 2294 0.05164436112199218 
2314 2312 0.05160883619707789 
2309 2308 0.05157334791468395 
2315 2309 0.051537896224434054 
2316 2309 0.0515024810760383 
2317 2290 0.05146710241929327 
2318 2290 0.05143176020408163 
2319 2290 0.051396454380372145 
2320 2317 0.05136118489821932 
2321 2298 0.051325951707763426 
2320 2322 0.051290754759230096 
2323 2322 0.05125559400293034 
2324 2320 0.0512204693892603 
2325 2324 0.05118538086870101 
2321 2326 0.05115032839181836 
2327 2326 0.05111531190926275 
2321 2328 0.05108033137176913 
2329 2328 0.05104538673015658 
2330 2321 0.05101047793532837 
2331 2314 0.0509756049382716 
2331 2327 0.05094076769005719 
2332 2329 0.05090596614183954 
2333 2330 0.05087120024485651 
2334 2331 0.05083646995042919 
2335 2331 0.050801775209961667 
2336 2334 0.05076711597494099 
2333 2335 0.05073249219693684 
2275 2315 0.050697903827601525 
2337 2318 0.05066335081866967 
2337 2325 0.050628833121958164 
2337 2332 0.050594350689365866 
2338 2337 0.050559903472873605 
2339 2338 0.050525491424543816 
2340 2218 0.050491114496520564 
2341 2216 0.0504567726410292 
2342 2216 0.050422465810376356 
2343 2289 0.050388193956949705 
2313 2344 0.05035395703321772 
2345 2313 0.05031975499172968 
2346 2319 0.05028558778511534 
2347 2348 0.05025145536608489 
2343 2348 0.0502173576874287 
2346 2323 0.05018329470201724 
2347 2346 0.05014926636280082 
2349 2346 0.05011527262280954 
2350 2343 0.05008131343515302 
2351 2349 0.05004738875302031 
2352 2350 0.050013498529679734 
2353 2345 0.049979642718478635 
2354 2341 0.04994582127284336 
2355 2341 0.049912034146278934 
2356 2333 0.04987828129236908 
2357 2280 0.04984456266477587 
2358 2280 0.049810878217239764 
2359 2280 0.04977722790357925 
2353 2357 0.04974361167769088 
2340 2268 0.04971002949354894 
2360 2268 0.049676481305205425 
2361 2268 0.04964296706678978 
2362 2353 0.049609486732508826 
2363 2214 0.04957604025664658 
2342 2214 0.04954262759356402 
2364 2340 0.04950924869769909 
2364 2354 0.04947590352356635 
2365 2364 0.049442592025757015 
2311 2363 0.04940931415893862 
2366 2311 0.049376069877855054 
2367 2362 0.04934285913732619 
2368 2342 0.04930968189224796 
2367 2336 0.04927653809759198 
2369 2367 0.049243427708405584 
2370 2367 0.049210350679811596 
2371 2369 0.04917730696700811 
2372 2370 0.049144296525268465 
2373 2266 0.04911131930994099 
2374 2266 0.049078375276448934 
2375 2360 0.049045464380290234 
2376 2275 0.049012586577037456 
2377 2271 0.04897974182233754 
2378 2306 0.04894693007191177 
2379 2306 0.0489141512815555 
2358 2373 0.04888140540713812 
2380 2373 0.048848692404602795 
2377 2375 0.048816012229966434 
2374 2377 0.04878336483931947 
2381 2377 0.048750750188825694 
2382 2381 0.048718168234722185 
2378 2376 0.04868561893331907 
2383 2376 0.04865310224099948 
2384 2352 0.0486206181142193 
2385 2386 0.04858816650950712 
2385 2384 0.048555747383463986 
2387 2384 0.04852336069276338 
2388 2380 0.048491006394150944 
2356 2372 0.048458684444444435 
2389 2372 0.048426394800533554 
2390 2387 0.04839413741937974 
2391 2383 0.04836191225801616 
2392 2383 0.04832971927354738 
2393 2394 0.04829755842314944 
2395 2394 0.048265429664069506 
2396 2356 0.04823333295362589 
2397 2303 0.048201268249207785 
2398 2303 0.048169235508275225 
2399 2396 0.04813723468835884 
2397 2400 0.04810526574705986 
2401 2305 0.04807332864204977 
2402 2401 0.048041423331070386 
2359 2403 0.048009549771933585 
2404 2403 0.047977707922521165 
2405 2302 0.04794589774078478 
2406 2388 0.047914119184745724 
2407 2382 0.04788237221249486 
2408 2361 0.047850656782192406 
2409 2391 0.0478189728520679 
2410 2316 0.04778732038041992 
2411 2365 0.04775569932561612 
2412 2392 0.04772410964609293 
2411 2355 0.047692551300355525 
2413 2368 0.047661024246977664 
2414 2379 0.047629528444601506 
2415 2366 0.047598063851937565 
2416 2393 0.04756663042776446 
2417 2395 0.04753522813092892 
2416 2399 0.04750385692034549 
2418 2390 0.04747251675499657 
2419 2351 0.04744120759393209 
2417 2339 0.04740992939626957 
2420 2416 0.04737868212119382 
2421 2418 0.04734746572795693 
2422 2389 0.047316280175878044 
2423 2371 0.04728512542434331 
2424 2412 0.047254001432805705 
2425 2412 0.04722290816078486 
2426 2421 0.04719184556786704 
2427 2421 0.04716081361370488 
2428 2427 0.04712981225801739 
2429 2417 0.04709884146058969 
2430 2429 0.047067901181273006 
2431 2429 0.04703699137998441 
2432 2430 0.04700611201670685 
2433 2430 0.04697526305148882 
2419 2432 0.046944444444444434 
2434 2428 0.04691365615575318 
2435 2428 0.04688289814565976 
2419 2436 0.0468521703744741 
2434 2436 0.04682147280257107 
2437 2436 0.046790805390390475 
2437 2434 0.04676016809843682 
2411 2413 0.046729560887279316 
2438 2413 0.0466989837175516 
2439 2411 0.04666843654995175 
2440 2411 0.046637919345242036 
2441 2423 0.04660743206424892 
2442 2424 0.046576974667862786 
2422 2443 0.04654654711703795 
2444 2443 0.04651614937279246 
2445 2422 0.04648578139620797 
2446 2445 0.04645544314842967 
2444 2441 0.04642513459066607 
2447 2441 0.04639485568418898 
2448 2447 0.04636460639033331 
2449 2406 0.04633438667049699 
2450 2406 0.04630419648614079 
2451 2439 0.046274035798788325 
2452 2449 0.04624390457002572 
2453 2450 0.04621380276150173 
2454 2455 0.04618373033492744 
2456 2455 0.04615368725207619 
2456 2408 0.04612367347478353 
2457 2446 0.046093688964946956 
2458 2446 0.046063733684525945 
2420 2457 0.04603380759554169 
2459 2454 0.046003910660077106 
2460 2407 0.045974042840276605 
2461 2459 0.04594420409834607 
2462 2459 0.04591439439655263 
2463 2456 0.045884613697224665 
2464 2456 0.045854861962751556 
2465 2461 0.045825139155583686 
2431 2420 0.045795445238232244 
2466 2463 0.045765780173269106 
2467 2462 0.045736143923326804 
2460 2465 0.045706536451098255 
2468 2464 0.04567695771933684 
2469 2460 0.04564740769085606 
2470 2460 0.045617886328529665 
2471 2452 0.04558839359529131 
2472 2453 0.0455589294541346 
2473 2415 0.04552949386811288 
2474 2469 0.0455000868003392 
2475 2471 0.04547070821398608 
2476 2471 0.04544135807228553 
2477 2471 0.04541203633852888 
2478 2473 0.04538274297606659 
2479 2475 0.04535347794830828 
2472 2479 0.045324241218722465 
2472 2480 0.0452950327508366 
2481 2480 0.04526585250823679 
2482 2472 0.04523670045456785 
2483 2476 0.04520757655353305 
2484 2485 0.04517848076889411 
2478 2485 0.045149413064470977 
2486 2484 0.045120373404141836 
2487 2470 0.04509136175184293 
2488 2478 0.0450623780715684 
2489 2478 0.045033422327370294 
2490 2488 0.04500449448335833 
2491 2482 0.04497559450369991 
2492 2477 0.04494672235261987 
2493 2489 0.044917877994400515 
2494 2487 0.04488906139338136 
2495 2404 0.04486027251395918 
2496 2481 0.04483151132058772 
2497 2496 0.04480277777777779 
2498 2496 0.04477407185009693 
2499 2496 0.04474539350216951 
2497 2500 0.044716742698676495 
2501 2500 0.04468811940435535 
2502 2486 0.044659523584 
2503 2498 0.04463095520246061 
2504 2499 0.044602414224643595 
2505 2502 0.044573900615511405 
2495 2448 0.04454541434008254 
2495 2501 0.04451695536343129 
2506 2495 0.04448852365068778 
2507 2483 0.04446011916703774 
2508 2451 0.04443174187772248 
2509 2494 0.044403391748038784 
2510 2494 0.04437506874333869 
2511 2506 0.044346772829029574 
2512 2410 0.04431850397057384 
2513 2466 0.044290262133488995 
2514 2509 0.04426204728334741 
2515 2510 0.04423385938577631 
2507 2516 0.044205698406457564 
2492 2516 0.04417756431112774 
2517 2507 0.0441494570655778 
2508 2518 0.0441213766356532 
2519 2518 0.044093322987253596 
2520 2491 0.044065296086332896 
2521 2491 0.04403729589889908 
2522 2491 0.04400932239101407 
2522 2520 0.04398137552879374 
2503 2520 0.043953455278407653 
2468 2508 0.043925561606079126 
2523 2508 0.043897694478084975 
2521 2492 0.04386985386075556 
2522 2521 0.04384203972047453 
2524 2505 0.04381425202367887 
2525 2519 0.043786490736858676 
2512 2490 0.043758755826557146 
2504 2503 0.04373104725937044 
2526 2512 0.043703365001947526 
2527 2512 0.04367570902099023 
2528 2438 0.043648079283252934 
2529 2517 0.043620475755542676 
2530 2474 0.04359289840471888 
2531 2526 0.0435653471976934 
2532 2515 0.043537822101430285 
2533 2523 0.04351032308294582 
2534 2431 0.04348285010930829 
2535 2440 0.043455403147638 
2536 2527 0.043427982165107085 
2537 2530 0.04340058712893948 
2538 2530 0.04337321800641079 
2539 2529 0.04334587476484815 
2528 2540 0.043318557371630255 
2541 2540 0.043291265794187093 
2524 2528 0.043264000000000004 
2542 2528 0.04323675995660146 
2539 2537 0.04320954563157508 
2543 2538 0.04318235699255541 
2544 2545 0.04315519400722796 
2514 2545 0.04312805664332898 
2535 2525 0.04310094486864547 
2532 2544 0.04307385865101504 
2536 2546 0.043046797958325764 
2493 2546 0.0430197627585162 
2533 2547 0.04299275301957517 
2548 2547 0.04296576870954179 
2543 2532 0.04293880979650523 
2549 2532 0.04291187624860479 
2467 2514 0.04288496803402964 
2550 2533 0.042858085121018866 
2541 2535 0.042831227477861236 
2551 2542 0.042804395072895275 
2552 2549 0.042777587874509 
2553 2531 0.042750805851139946 
2554 2536 0.042724048971275054 
2555 2556 0.04269731720345049 
2551 2556 0.0426706105162517 
2555 2493 0.04264392887831317 
2557 2493 0.04261727225831846 
2558 2467 0.042590640624999995 
2559 2504 0.042564033947139104 
2560 2414 0.04253745219356578 
2513 2558 0.04251089533315873 
2561 2558 0.04248436333484518 
2562 2442 0.04245785616760083 
2513 2550 0.0424313738004498 
2563 2513 0.042404916202464414 
2564 2402 0.04237848334276528 
2565 2554 0.042352075190521046 
2566 2554 0.04232569171494842 
2567 2565 0.042299332885312 
2409 2567 0.04227299867092426 
2568 2553 0.04224668904114538 
2569 2409 0.04222040396538325 
2570 2562 0.04219414341309327 
2571 2564 0.04216790735377838 
2572 2564 0.04214169575698885 
2548 2551 0.04211550859232231 
2573 2571 0.0420893458294236 
2574 2572 0.04206320743798464 
2575 2569 0.04203709338774445 
2576 2425 0.04201100364848895 
2577 2437 0.041984938190050974 
2578 2405 0.04195889698231009 
2575 2568 0.0419328799951926 
2579 2570 0.04190688719867136 
2580 2560 0.04188091856276581 
2581 2575 0.04185497405754174 
2582 2575 0.04182905365311135 
2583 2578 0.041803157319633084 
2584 2578 0.04177728502731153 
2585 2578 0.04175143674639741 
2586 2583 0.0417256124471874 
2574 2584 0.04169981210002414 
2587 2581 0.04167403567529603 
2576 2588 0.041648283143437326 
2589 2588 0.04162255447492782 
2587 2576 0.04159684964029299 
2590 2576 0.04157116861010372 
2591 2579 0.04154551135497638 
2592 2589 0.041519877845572595 
2580 2593 0.041494268052599266 
2573 2593 0.041468681946808465 
2594 2580 0.04144311949899729 
2595 2580 0.041417580680007886 
2596 2594 0.04139206546072724 
2597 2548 0.041366573812087234 
2591 2596 0.041341105705064427 
2591 2592 0.04131566111068008 
2598 2591 0.04129024 
2599 2582 0.041264842344134516 
2600 2585 0.041239468114238335 
2601 2595 0.041214117281510525 
2602 2590 0.0411887898171944 
2601 2598 0.041163485692577405 
2603 2563 0.04113820487899112 
2604 2601 0.041112947347811075 
2605 2552 0.041087713070456784 
2606 2605 0.04106250201839153 
2607 2604 0.04103731416312244 
2608 2604 0.04101214947620024 
2609 2606 0.040987007929219325 
2610 2602 0.04096188949381756 
2599 2602 0.04093679414167629 
2611 2602 0.04091172184452017 
2610 2607 0.04088667257411718 
2612 2561 0.04086164630227852 
2613 2599 0.04083664300085844 
2609 2612 0.04081166264175429 
2614 2609 0.04078670519690635 
2615 2609 0.040761770638297834 
2616 2398 0.040736858937954694 
2617 2614 0.04071197006794568 
2618 2619 0.04068710400038212 
2616 2618 0.04066226070741799 
2616 2620 0.040637440161249684 
2621 2620 0.040612642334116066 
2622 2621 0.04058786719829834 
2586 2622 0.04056311472611992 
2623 2622 0.04053838488994646 
2624 2615 0.04051367766218567 
2625 2623 0.04048899301528735 
2626 2608 0.040464330921743175 
2627 2577 0.040439691354086774 
2628 2577 0.04041507428489351 
2629 2557 0.04039047968678053 
2630 2626 0.04036590753240656 
2631 2626 0.040341357794471976 
2632 2534 0.04031683044571857 
2633 2534 0.040292325458929606 
2632 2458 0.04026784280692969 
2634 2458 0.040243382462584645 
2635 2632 0.040218944398801575 
2636 2611 0.0401945285885286 
2637 2611 0.04017013500475499 
2433 2627 0.04014576362051089 
2633 2433 0.04012141440886739 
2638 2633 0.0400970873429364 
2511 2634 0.04007278239587056 
2639 2634 0.040048499540863175 
2640 2636 0.04002423875114817 
2641 2600 0.04 
