39
0 1 0.002 
2 1 0.002 
3 1 0.002 
4 1 0.002 
5 1 0.002 
6 1 0.002 
7 1 0.002 
8 1 0.002 
9 1 0.002 
10 1 0.002 
11 1 0.002 
0 12 0.002 
2 12 0.002 
13 12 0.002 
3 12 0.002 
4 12 0.002 
5 12 0.002 
6 12 0.002 
7 12 0.002 
9 12 0.002 
14 12 0.002 
11 12 0.002 
15 16 0.002 
17 16 0.002 
18 16 0.002 
19 16 0.002 
20 16 0.002 
14 16 0.002 
11 16 0.002 
19 21 0.002 
14 21 0.002 
10 21 0.002 
11 21 0.002 
22 23 0.002 
8 23 0.9882698961937716 
9 23 0.9326040816326532 
11 23 0.8815123456790125 
0 22 0.8345069393718042 
9 22 0.7911634349030471 
11 22 0.7511111111111113 
2 0 0.7140250000000002 
13 0 0.6796192742415229 
3 0 0.6476417233560091 
4 0 0.6178691184424014 
5 0 0.5901033057851239 
9 0 0.564167901234568 
11 0 0.5399054820415881 
13 2 0.5171751923947487 
24 2 0.4958506944444445 
25 2 0.47581840899625166 
26 2 0.456976 
6 2 0.43923106497500963 
7 2 0.4225000000000001 
27 2 0.4067070131719473 
9 2 0.3917832647462277 
28 2 0.3776661157024794 
11 2 0.36429846938775506 
24 13 0.3516281932902432 
9 13 0.33960760998810946 
14 13 0.32819304797472 
11 13 0.3173444444444445 
9 24 0.307024993281376 
14 24 0.2972008324661811 
11 24 0.28784076593600405 
29 3 0.278916015625 
9 3 0.27040000000000003 
14 3 0.26226813590449954 
11 3 0.25449766094898646 
29 4 0.2470674740484429 
30 4 0.2399579920184835 
9 4 0.2331510204081633 
14 4 0.22662963697679034 
28 4 0.22037808641975312 
11 4 0.21438168511915937 
9 5 0.20862673484295105 
14 5 0.20310044444444444 
28 5 0.19779085872576177 
11 5 0.19268679372575478 
31 15 0.18777777777777782 
30 15 0.18305399775676978 
32 15 0.17850625000000006 
33 15 0.17412589544276788 
34 15 0.16990481856038073 
14 15 0.16583538975177822 
11 15 0.16191043083900228 
29 17 0.15812318339100348 
31 17 0.15446727961060036 
30 17 0.15093671555027083 
32 17 0.14752582644628098 
33 17 0.14422926398182048 
34 17 0.141041975308642 
14 17 0.1379591836734694 
11 17 0.13497637051039701 
29 18 0.13208925887385825 
32 18 0.12929379809868718 
14 18 0.12658614958448755 
11 18 0.12396267361111113 
14 19 0.12141991710064834 
11 19 0.11895460224906292 
29 20 0.11656361595755538 
31 20 0.114244 
30 20 0.11199294186844427 
32 20 0.10980776624375241 
34 20 0.10768592704307665 
35 20 0.10562500000000002 
14 20 0.10362267573696148 
11 20 0.10167675329298682 
36 29 0.0997851340728448 
14 29 0.09794581618655693 
28 29 0.0961568891507449 
11 29 0.09441652892561984 
14 25 0.09272299326353382 
28 25 0.09107461734693877 
11 25 0.08946980969535594 
36 26 0.0879070483225608 
14 26 0.08638487712665407 
28 26 0.08490190249702737 
11 26 0.0834567901234568 
32 6 0.08204826199368 
33 6 0.0806750935668385 
37 6 0.07933611111111112 
38 6 0.07803018919472714 
35 6 0.076756248320344 
36 6 0.07551325269350255 
9 6 0.07430020811654528 
14 6 0.07311616 
28 6 0.07196019148400101 
11 6 0.07083142166284333 
37 7 0.06972900390625 
35 7 0.06865212427137793 
36 7 0.06760000000000001 
9 7 0.06657187809568209 
14 7 0.06556703397612489 
28 7 0.06458477019616711 
11 7 0.06362441523724661 
14 27 0.06268532235939644 
28 27 0.061766868512110724 
11 27 0.06086845330065535 
14 31 0.059989498004620875 
28 31 0.059129444645722284 
11 31 0.058287755102040824 
14 30 0.05746391026608319 
28 30 0.056657409244197585 
11 30 0.05586776859504132 
37 32 0.05509452160493828 
14 32 0.0543372175980975 
28 32 0.05359542127978984 
11 32 0.052868712110694625 
14 33 0.05215668371073776 
28 33 0.05145894329084277 
11 33 0.05077511111111111 
14 34 0.05010481996403668 
28 34 0.04944771468144044 
11 34 0.04880345166388997 
14 37 0.048171698431438696 
28 37 0.047552133194588966 
11 37 0.046944444444444455 
35 38 0.04634833056107753 
14 38 0.045763499439192445 
28 38 0.045189668130216375 
11 38 0.044626562500000015 
14 35 0.04407391690135412 
28 35 0.04353147386069197 
11 35 0.04299898377808725 
14 36 0.04247620464009518 
28 36 0.041962901744719935 
11 36 0.041458847437944556 
10 8 0.04096382086127147 
14 9 0.04047760770975057 
10 9 0.04 
