445
27 26 0.11290386521106137
27 24 0.09182312953105659
25 24 0.04640909354633988
25 0 0.0757017767250346
429 421 0.010428721161088539
429 19 0.15155203905586617
438 19 0.12736788189789539
438 8 0.011092485532880383
431 8 0.009568733056912044
431 20 0.1331942193488108
442 21 0.0159565744988115
442 436 0.00786426226111677
436 422 0.024656147797869975
422 20 0.04979300543391347
20 1 0.0821079307216825
5 1 0.07807969515616192
13 5 0.07989375142085006
14 13 0.07850458897689129
14 12 0.10495822354774136
12 3 0.04929741952326972
17 3 0.03523206525760183
22 17 0.18497743810064268
22 15 0.1885757876864051
15 6 0.1884542586671998
6 2 0.1878259038968339
31 2 0.09785147972332682
424 31 0.01034563074283669
424 30 0.008514611793802656
427 30 0.008706876052826757
427 425 0.007840260731052592
426 425 0.0075626790745647356
426 32 0.00762674956199691
428 32 0.008773367016392341
428 423 0.022257418761977413
423 18 0.009655774137534956
28 20 0.09221406885578455
29 28 0.05166743627856959
33 29 0.10079875970698611
97 72 0.013568342098497842
106 97 0.008716703594691615
106 77 0.013565488868216648
77 72 0.008708798040870332
111 84 0.012982033584804584
84 79 0.008332256366960307
108 79 0.01298203396937202
111 108 0.008332243640975795
44 34 0.0152580580882326
46 44 0.008414702124066567
46 35 0.015258057456232575
35 34 0.008414716698784208
194 162 0.00821471148504068
209 194 0.008109228522950294
216 209 0.0026738299781676597
222 216 0.004584328221591318
222 179 0.010875161372993011
179 173 0.0018746961313324184
173 162 0.0108149488024099
218 214 0.005076639348677196
244 214 0.01594641295386712
247 244 0.005076630368306144
247 224 0.013676857601440788
224 218 0.002269560012004697
318 316 0.0003091477320206702
318 313 0.0039935576519554445
334 313 0.010671531433762092
335 334 0.005750078559506472
335 319 0.010970274869971234
319 316 0.0017605028353234217
250 247 0.005391703070789461
250 234 0.010129065402008428
234 233 0.0005514037105901806
233 228 0.00353737908043927
228 224 0.004844264335754108
337 335 0.004891497188320159
337 336 0.00041468738777767657
340 336 0.0035406249014223092
340 330 0.009186731138457072
330 326 0.003729671810816545
326 325 0.000676266742258528
325 324 0.0004529681170209109
324 322 0.0013317132591658119
322 317 0.0036390892896234215
321 317 0.000642076053743022
321 319 0.0006025808715227391
241 240 0.0003859811629011865
240 229 0.006530238101460898
229 226 0.004403786889646714
238 226 0.006670063510763602
238 237 0.00046483194963824626
253 237 0.009802009438044637
254 253 0.00041353895992438187
259 254 0.001502739051105865
265 259 0.003734078915002512
265 260 0.0013362908781780827
262 260 0.0011070190196164611
262 241 0.010108267251587203
342 331 0.010840948879502378
344 342 0.007764440145711056
344 333 0.01085144186657859
333 331 0.007760746426135076
268 262 0.005301735707960371
268 243 0.010118738155796827
243 241 0.005297974033263833
159 132 0.013874936191394875
164 159 0.0051279933386827676
164 138 0.013874935792967686
138 136 0.0010082412461619506
136 132 0.004119785553693658
89 70 0.011711619148763763
91 89 0.0058978260645696995
91 73 0.011711618816793386
73 70 0.0058978339297021285
275 246 0.010019408614113486
279 275 0.005326525969178215
279 248 0.010019408356440785
248 246 0.00532653204478175
99 91 0.006102716575903541
99 76 0.011711618474239691
76 73 0.006102724717447915
286 279 0.005239679073296621
286 252 0.009890047191845412
252 251 0.0007051893012158014
251 245 0.004226903925827112
245 242 0.0041326677096613675
249 242 0.004097543156117071
249 248 0.0004018302097673922
166 140 0.013939344777139085
169 166 0.005455020351178219
169 141 0.013939344363392813
141 140 0.005455028869957329
341 338 0.001074739054718743
341 339 0.002784796628384771
346 339 0.005877805089404867
348 346 0.002453909811942135
351 348 0.0011168708718268796
362 351 0.01163569779438755
362 343 0.008074832109727183
343 338 0.01135614219285874
105 99 0.006098444959547338
105 78 0.011724885771350972
78 76 0.006102723236629941
176 143 0.0142497363018761
187 176 0.00479669196544424
187 148 0.014252376971802948
148 147 0.00028383306994145686
147 143 0.00452085661171686
109 105 0.005897821810378628
109 81 0.01172212288460477
81 78 0.005889879050436894
291 258 0.009850507070598978
299 291 0.005494549130862211
299 267 0.009840051728771138
267 258 0.00549836811582668
110 109 0.006201182303790715
110 86 0.011711617449190154
86 81 0.006204868163238851
305 299 0.00530932616675034
305 272 0.0098400514470308
272 267 0.005309332027639479
191 150 0.013882465124196868
195 191 0.0054785136021917764
195 151 0.01388246469969069
151 150 0.005478522095999136
401 395 0.006491725552493461
401 360 0.014590955996319837
360 357 0.004624488787268885
357 355 0.0008978339552004676
355 353 0.0018672550970122704
395 353 0.015488782550343031
56 36 0.015631391005088764
60 56 0.008243220288139992
60 38 0.015641808110504207
38 37 0.005765950688200127
37 36 0.0024733757577971014
112 110 0.006051336509356964
112 90 0.011724884746767358
90 86 0.006055630193214756
309 278 0.009714705666564025
311 309 0.0050294935530677464
311 284 0.009722242461716765
284 278 0.005017745827084723
201 155 0.013901428311716486
211 201 0.005274901996917425
211 156 0.013912003734058565
156 155 0.005271452004647578
116 112 0.006102709197468995
116 94 0.011711616765192008
94 90 0.006098447204409883
315 311 0.005801451565039471
315 290 0.009725142319523192
290 284 0.005809358356421607
213 158 0.013551439950711348
217 213 0.005618289163561707
217 163 0.01355143959153824
163 158 0.005618297849333337
58 40 0.010873133761155807
64 58 0.0074373840354925004
64 45 0.010870330535877371
45 40 0.007429457141674005
120 116 0.006051333582582855
120 100 0.011722121511801074
100 94 0.006047672934206619
221 165 0.014160458462290358
225 221 0.005225138596781951
225 168 0.01416045812825722
168 165 0.005225147083916681
368 361 0.006576102984973956
369 361 0.0022782144200384413
369 367 0.0007725388566051768
403 367 0.013196626401634081
409 403 0.00733715222469332
409 368 0.015466858561204935
69 49 0.01362745965193883
71 69 0.008441717944901814
71 55 0.013627459067479586
55 49 0.008441730956457269
122 95 0.01537597996577775
125 122 0.007443748073174164
125 103 0.01537597931576685
103 101 0.0009255531658015443
101 95 0.006518208445641412
177 174 0.0014856665162319921
181 174 0.0008790630141814569
181 171 0.0035035014421507336
227 171 0.013769454394203027
230 227 0.00528096182079644
230 185 0.013769454075659078
185 183 0.0002918430876042674
183 177 0.0008790630081182239
192 189 0.0021322554736506304
193 189 0.0010189698055195217
193 190 0.0028418303397156246
197 190 0.002391691259710442
197 196 0.000453236999384551
232 196 0.011646896683876027
235 232 0.0054193262249417
235 192 0.015060212733647126
411 407 0.00401459285218301
411 402 0.00399969510479779
404 402 0.0026513224415293836
404 394 0.00354305493311128
394 392 0.002588326223756857
392 387 0.0014942871263081648
387 385 0.0033528417899005582
385 378 0.0020935543106952994
378 375 0.0034867846055824775
382 375 0.00208581885724695
382 376 0.003183426840559727
383 376 0.0013411553028335787
383 379 0.002486205438479232
412 379 0.014190472922844349
413 412 0.008442629010945567
413 407 0.0065183637743525605
203 199 0.00169785506646459
205 199 0.001108990612630517
205 198 0.0034899849145482434
236 198 0.013823294189067439
239 236 0.0054869967560413095
239 208 0.013762440776729497
208 207 0.00029542209639999014
207 203 0.0011803172185414932
282 281 0.0016031214875444413
282 273 0.0028761365394466467
273 270 0.0020362807402561126
270 269 0.0006495990514006007
269 266 0.002646757411237749
266 261 0.0014789604870503966
261 255 0.002394710422087652
263 255 0.0014447360407552027
263 257 0.002244969258759652
264 257 0.000932083585846797
264 256 0.0028437020439947554
283 256 0.007564136530588299
287 283 0.002020470658340127
289 287 0.0017063092659031936
293 289 0.0005041173183321131
295 293 0.0008635977344876365
300 295 0.0035092805549832287
300 298 0.001125165505014524
302 298 0.0045373688476545646
302 281 0.006378083074270109
276 274 0.0029573062318827806
277 274 0.0011219414675276674
277 271 0.005619352354359901
296 271 0.007365433620658637
301 296 0.004227693760176501
306 301 0.001832133382004571
307 306 0.002724986945299924
310 307 0.0008764356756215244
312 310 0.006601301067311659
312 285 0.01006340488479032
285 280 0.004972729246639254
280 276 0.0011193775614637804
414 389 0.01610549729223742
415 414 0.008182117554435353
415 396 0.016102714698001817
396 389 0.008174190774984174
370 366 0.004746760856073178
366 359 0.008845796993661682
372 359 0.005575804141942054
372 371 0.00018541101014415035
380 371 0.0025634613952892414
393 380 0.013777717236236178
393 377 0.005303823000128002
377 370 0.002835442528258565
320 308 0.005370148683322186
323 320 0.0034274670520104064
329 323 0.0028011655237942927
332 329 0.005944855202149095
332 327 0.002793444848583865
328 327 0.0005357719313051377
328 314 0.0053701484239158164
314 308 0.00991973392546696
314 304 0.005206518168952939
304 303 0.0003426433123880001
303 294 0.002695576060660238
294 288 0.006374220853131501
297 288 0.0026983513511081667
297 292 0.0031950580212852554
308 292 0.005206518420695372
152 142 0.0048620198598730595
161 152 0.013682841087621758
161 153 0.004872472873234685
153 142 0.01367902111974885
204 170 0.006427955626203012
212 204 0.0035354290005558922
223 212 0.0040653236898073
231 223 0.012905366133578544
231 220 0.00506053316708836
220 219 0.0017499744260404922
219 202 0.00439001719998275
202 188 0.010299433203737456
188 182 0.0010295324363204838
182 170 0.0043869226465429205
160 149 0.006666322214076743
175 160 0.015423481627977565
175 157 0.006666321645990923
157 154 0.007361220876511676
154 149 0.008062272400834066
149 134 0.0066425437640875214
157 146 0.006642543197742821
146 134 0.015423504583470611
137 124 0.008404117531223474
144 137 0.012054427977228896
144 130 0.008404117027200855
130 129 0.0005871725551544113
129 124 0.011467316600299916
135 127 0.006514111561956096
145 135 0.014098094572034606
145 131 0.006514111092301733
131 127 0.014098104949207664
117 115 0.003747465062220007
117 107 0.007584438898660826
107 92 0.01525416018418983
114 92 0.01102693269899545
121 114 0.011510271745526225
121 115 0.0034530239449070523
85 75 0.005977771485721101
93 85 0.01227473260179588
93 80 0.005967285567771559
80 75 0.012278472370774377
53 42 0.007012643854337102
68 53 0.03008143842519976
68 61 0.0070126428091056925
61 47 0.020217190803840965
47 42 0.009864272043227167
75 67 0.006096644172860704
80 74 0.006096643796076548
74 67 0.012278480842649259
67 62 0.006133710650592179
74 66 0.006144193531884967
66 62 0.012274757905909652
62 51 0.0060595830137927876
66 57 0.006051904129447996
57 51 0.012286431443946264
57 48 0.005858902211269341
48 41 0.012274774459169586
51 41 0.005851222945685089
133 126 0.005960826435199649
139 133 0.005682783642323333
139 128 0.005960826285234786
128 126 0.005682787537609937
390 363 0.009354378785344406
399 390 0.00920231727313393
399 373 0.009343884251381666
373 363 0.00920604136050353
119 113 0.003598981793228532
123 119 0.006468015923929107
123 118 0.003598981674382804
118 113 0.006468018554441429
50 39 0.006227862258547338
52 50 0.004265491089585604
52 43 0.006230760646541059
43 39 0.004273395575788591
98 83 0.006864113216874003
104 98 0.006719375840017838
104 88 0.006864112965151458
88 83 0.00671938100771829
63 54 0.004540705776756131
65 63 0.00876320948965245
65 59 0.0045407055507464995
59 54 0.008763213923482983
200 167 0.007455075126595947
210 200 0.0062300671043036444
210 172 0.007455074917254487
172 167 0.0062300724355124565
96 82 0.006607624594184428
102 96 0.0066833367132541595
102 87 0.0066076243967883065
87 82 0.00668334178350634
391 384 0.005742496893388798
405 384 0.007471745489992826
410 405 0.00573060409102696
410 408 0.00027499648025615977
408 391 0.007189418243632622
358 345 0.00460051671826079
365 358 0.0062666097670982844
365 352 0.004600516526190226
352 347 0.00556945205691619
347 345 0.0006971609453098404
366 356 0.0040175408739420255
374 370 0.00424571776270429
374 364 0.004017540670729221
364 356 0.008991591307797128
400 381 0.007091072680307705
406 400 0.006017862317727368
406 398 0.0026262653566105584
398 397 0.0004686693609565076
397 386 0.004464810484169693
386 381 0.005549197813095132
184 180 0.002146818850442437
186 180 0.0012991987193069203
186 178 0.0038446708566528135
206 178 0.0061679627192392636
215 206 0.005995697145887812
215 184 0.007453859479889507
354 350 0.0010034100062268016
354 349 0.004463012478328518
388 349 0.01448537514794922
395 388 0.006404925823116728
353 350 0.0019419257392000535
420 7 0.004393779240418414
420 8 0.07270456322674458
9 8 0.07943287803179867
9 4 0.07945415918393156
10 4 0.0814848130427591
11 10 0.08199773348435899
12 11 0.10912126948428065
430 16 0.012523173204247506
430 23 0.1485881445545229
23 9 0.14342728125466034
9 1 0.12552315977690015
435 434 0.04544352044386474
434 419 0.006376149599336323
443 419 0.013638583258068143
443 437 0.013726563555702533
437 433 0.009159525341882557
433 432 0.012554470493905557
432 431 0.053361368410381804
441 418 0.00921581545575938
444 418 0.01256413341288494
444 416 0.007779718121799989
417 416 0.004923371657072761
440 417 0.004861643197227251
440 439 0.06498655414283408
439 438 0.007806874141999234
