2645
16 15 0.12233071295809353
2532 11 0.13146519726203018
2532 17 0.0045740268068244026
71 4 0.14366647809908722
72 4 0.1412771075368225
2619 72 0.011875195858963353
2619 2586 0.03487446398487159
2586 24 0.16987541458243277
2575 24 0.1508879232106039
2575 44 0.007918592783088778
2574 44 0.0056851733872249
2574 73 0.08736538723692305
73 69 0.07871952903780913
69 15 0.08811168404863774
74 15 0.08201196940022185
74 20 0.08510052301003743
48 20 0.0845484573768994
48 0 0.08103659086187609
75 0 0.0556047132994482
50 3 0.11873412678408939
2589 3 0.10517263320222828
2589 77 0.03734324747134774
2620 77 0.010790931528191442
2620 2608 0.036115790292219
2609 2608 0.0009665306412053546
2611 2609 0.09338514245093334
2611 22 0.08272451702170408
2605 22 0.043118622465536265
2605 42 0.11563281180830629
67 42 0.1667883605353869
79 12 0.11594560154421416
80 74 0.15629829509537654
2642 65 0.010441165362864647
2642 2629 0.20300117501559828
2638 2629 0.007212201904244944
2638 81 0.007745776837670124
2634 81 0.008553255083510883
2634 2593 0.1689936425580732
2593 46 0.00979833219653171
2623 46 0.17133082801885427
2623 2599 0.008405258310676175
2599 25 0.011134853952054786
2625 25 0.008807198369560372
2640 2625 0.16221361950181046
2640 2571 0.007809337953769173
2571 1 0.00808982814832944
2632 1 0.009078812070413845
2632 76 0.1925539677941219
84 73 0.16122781222257532
2643 68 0.16410173101309744
2643 43 0.009287654252946044
2637 43 0.009080570766330042
2637 23 0.14952641853846765
54 53 0.05351824804832766
55 54 0.025297745644294604
56 55 0.0595250430382926
57 56 0.02117488364414454
57 51 0.06175393768382602
52 51 0.018254897534988483
58 52 0.06359351898476187
2598 58 0.009133720514297852
2598 59 0.00913371744812566
60 59 0.05374431463412082
61 60 0.028833653771742303
62 61 0.0743209717490514
63 62 0.017174929967147513
63 29 0.05488127376764834
29 27 0.024561041513336
64 27 0.06521976944464519
65 64 0.014203479812226024
2555 65 0.07442882509525978
2555 66 0.012392261547275641
45 14 0.08234886431765587
2573 14 0.0694180266432656
2573 2572 0.0018493448323770557
2572 44 0.008003036759631125
2576 44 0.005831903426048066
2580 2576 0.0029757635507226586
2580 43 0.07028490136074829
2639 43 0.03861314572513096
2639 42 0.04048681131551177
42 9 0.07918133766977194
2595 9 0.08103624316898235
2595 41 0.015929391701382363
2594 41 0.017584040648216115
2594 2588 0.02329167358426899
2588 40 0.05075284759867253
40 28 0.09247382080945793
39 28 0.042425803675960834
39 38 0.039345657195748625
38 37 0.0702077808303524
37 36 0.033361098134201
36 35 0.07217167898216294
35 34 0.08275726322020525
34 33 0.08221548442899403
33 32 0.08244897556915744
32 31 0.02515270784097487
2621 82 0.012739818419873695
2621 2567 0.007817966192897903
2582 2567 0.0593044068564346
2582 78 0.008954433441944356
2583 78 0.006863807939188394
2585 2583 0.06045126670969076
2585 83 0.0075058796245355665
2584 83 0.0073734598504861006
2584 2568 0.06399791522994892
2568 21 0.010686399905287169
2566 21 0.008700640270748381
2604 2566 0.03275584832328043
2604 2565 0.030772820864116122
2565 30 0.008014490281990746
2581 30 0.005994217032042421
2581 41 0.07275893094357863
66 41 0.14652434073293433
68 17 0.08433265555632502
79 17 0.07937375229060661
79 19 0.09628350781105471
1164 19 0.13844577587443208
69 68 0.08014604987216493
70 69 0.1364555935487933
2556 66 0.013277905958956924
2556 10 0.0716807148082661
67 10 0.07811512666542142
68 67 0.07740034370585264
2548 66 0.009473648911819059
2549 2548 0.12459739009204172
2549 49 0.0821841634979951
2557 49 0.012811679501188002
2557 18 0.07817554150771161
2551 18 0.03828993835068279
2551 47 0.07074850850376672
2592 47 0.011146679325363954
2592 2560 0.021687438196335233
2560 1163 0.04355604316437175
2553 1163 0.03519907219618699
2553 1162 0.044869141003741404
2624 1162 0.03870140585839581
2624 2600 0.008861967503502365
2600 26 0.011036797828595186
2626 26 0.17104641634125622
2626 2570 0.008004525809196132
2570 2 0.00871410890500121
2552 2 0.1921372962167932
2561 2552 0.00795356767085207
2563 2561 0.013684577693042108
912 882 0.011809188537702546
885 882 0.00041468884391421935
885 873 0.003427045382817699
932 873 0.008267906195940315
942 932 0.0034308103322947593
999 942 0.01006074056312654
999 994 0.0027022403235098585
1018 994 0.005080765293363716
1043 1018 0.014515162376618956
1043 925 0.021954235740472793
925 912 0.001890782871094321
937 884 0.0074343433347988305
950 937 0.00840510500768383
950 894 0.007422023890116502
894 893 0.0005731503113758894
893 884 0.007825491540839986
351 347 0.0022336242450176243
351 275 0.007637813723524033
275 269 0.008488045457748148
331 269 0.00693977632168606
332 331 0.00037476571411085047
362 332 0.0036001134355289994
373 362 0.005881347648674245
373 347 0.002913065614463092
1147 1107 0.010863052413604019
1152 1147 0.007625339337384742
1152 1132 0.006663769480641111
1132 1128 0.002448536245860895
1128 1109 0.004199284168650182
1109 1107 0.0051768164693310244
614 601 0.006727535182052471
636 601 0.0035781344080176893
636 634 0.0009294297389600488
723 634 0.010262574225749835
731 723 0.007655231587648911
731 721 0.0014866006385356176
721 614 0.012343142576993834
897 888 0.003120406945660332
899 888 0.000778991400976851
899 892 0.0028906358996680813
986 892 0.013719700160619507
992 986 0.008105125193044
992 911 0.012581474221319687
911 909 0.002102404669545112
909 897 0.0019186448781458253
360 282 0.00775027743350326
364 360 0.008419742619824654
364 295 0.007750277402127891
295 282 0.008419751144369514
1157 1122 0.010090781532600597
1160 1157 0.00809684482606128
1160 1127 0.010090781488313856
1127 1122 0.008096855461555403
743 739 0.0030016844772908467
743 667 0.008045246457487101
667 658 0.008492274657492298
732 658 0.007865553113977873
734 732 0.00277869018478596
744 734 0.0010649140767847326
745 744 0.0027020774375853193
745 739 0.000875300326712566
979 910 0.009934598437521227
985 979 0.008038250694071351
985 922 0.009935823096779428
922 910 0.00804659327233658
400 396 0.0034166571920839425
400 301 0.010390024288580503
301 296 0.007872550607523086
414 296 0.013531837987442856
420 414 0.0044558951481421675
420 396 0.003141813767259304
1159 1139 0.007707217650255167
1161 1159 0.008255435793631458
1161 1142 0.007707217613556984
1142 1139 0.008255444061664726
751 679 0.008836953048151292
757 751 0.008520303043250825
757 697 0.008836952989097601
697 679 0.008520312740217195
988 927 0.010101761530955707
997 988 0.008121826166754302
997 935 0.010101761486906804
935 927 0.008121836849751221
408 405 0.0006912762890108971
408 326 0.009997629950454277
326 311 0.008223482951535308
434 311 0.013656574328838255
436 434 0.001314255872754362
442 436 0.0005183857286048905
449 442 0.006217945161454345
449 405 0.004177321846780005
1143 1134 0.00313799216401144
1145 1143 0.0014490808196877384
1155 1145 0.0033054323754697916
1158 1155 0.007836639913494089
1158 1141 0.006443419295931834
1141 1134 0.009285715351156519
657 650 0.007395582139854402
682 650 0.003455987058382942
682 680 0.0003497942303832475
755 680 0.01003057639031355
768 755 0.008180086521978765
768 695 0.010008610911001293
695 694 0.00043472854452042723
694 657 0.0034779555448139657
461 330 0.014732597210627679
471 461 0.007671892627656034
471 343 0.014738577847640622
343 330 0.007858477692068301
1017 939 0.013304811184937053
1020 1017 0.00792666818174964
1020 951 0.013306029561306125
951 939 0.007935015036136351
683 674 0.004810339958704466
705 674 0.003091504062915937
705 703 0.000714583425425245
776 703 0.010093518057171326
782 776 0.00785172271262103
782 715 0.010150983214849032
715 713 0.002333531255064653
713 683 0.003046271367362657
957 954 0.0032265242699549136
963 954 0.0010600936935646725
963 960 0.0024319152122844745
1001 960 0.007805992962036177
1007 1001 0.008168744882201685
1007 969 0.007716835763658596
969 967 0.0025085251525524053
967 957 0.0011602019841392983
1131 1099 0.012947791891939226
1154 1131 0.007861016186818172
1154 1130 0.012947783336777985
1130 1099 0.007861018128958909
878 872 0.0035228776843760513
878 849 0.005795724285479521
849 840 0.01606336829725585
870 840 0.007664944742313111
879 870 0.0044155604940145626
881 879 0.00017969744398487858
889 881 0.008134981021561244
889 872 0.0020585947590882367
277 219 0.008167158114203875
292 277 0.009682319369287398
292 230 0.008165885303725754
230 219 0.00967400544805804
1149 1148 0.002958130641923552
1149 1140 0.00435438724757297
1140 1138 0.0029581323229934753
1138 1125 0.0022725308220567873
1125 1121 0.007835077649691347
1136 1121 0.0030158181623023434
1136 1135 0.0012792094080663328
1144 1135 0.0031392693206887035
1146 1144 0.0012192353677845259
1151 1146 0.0024974578436155743
1156 1151 0.007895040539265513
1156 1148 0.00202562677192719
699 631 0.007899739928833367
711 699 0.009829630345316483
714 711 0.0005269424679448652
726 714 0.009233386925418025
726 656 0.007025575781515486
656 649 0.008137251711902495
649 641 0.0014033729587014392
641 631 0.010942472242097817
810 809 0.0003468096039625531
810 788 0.00432404238608031
788 774 0.007622714954292643
775 774 0.0003405498050967893
775 767 0.0027354543136981655
801 767 0.005799702588122411
806 801 0.002522575209072204
816 806 0.0020273907024235534
826 816 0.007488776351039046
826 809 0.003843593036518703
953 930 0.0032259135585063358
953 943 0.003339634311625649
972 943 0.004498357205865268
976 972 0.003102736618079236
978 976 8.183546847218271e-05
996 978 0.011047798942409821
996 956 0.007819276980324877
956 930 0.01081547037875423
855 818 0.008292974500578174
866 855 0.007500999891422423
866 828 0.00829297419611364
828 825 0.001402466754907572
825 818 0.00609854106199715
993 984 0.01177910597774422
1000 984 0.002999243550886047
1000 998 0.001101042892631196
1013 998 0.0029306627452044395
1016 1013 0.0014175907145330213
1023 1016 0.0026152441994571622
1037 1023 0.011462534900101648
1037 1011 0.005321003561771454
1011 993 0.0032241439620512196
905 895 0.004169521035469183
895 890 0.00032734192451308976
890 869 0.009880625491366214
929 869 0.008242290970212295
952 929 0.009995076343199377
952 949 0.0004197675287836748
959 949 0.00405842326678684
959 905 0.007505802210253864
874 871 0.0010884180218142699
874 865 0.002766657233385346
865 863 0.001088418373370818
863 850 0.002486814315835003
850 842 0.007780293615049251
875 842 0.008244454198433476
900 875 0.007780286132782975
900 871 0.0029909881873982536
685 681 0.0004831734612119859
685 669 0.0037383495066053677
727 669 0.00593304024866885
733 727 0.0037383469986290783
750 733 0.0021494861960028554
760 750 0.007512160173790535
760 706 0.008562874036237395
706 681 0.007504234592934406
907 902 0.0009561134562124266
907 883 0.0031167795306191797
883 877 0.001027030781186019
877 867 0.002699470610216581
867 857 0.0058573962639682665
857 847 0.002572617507252205
847 837 0.00634264240337832
851 837 0.003381165813453321
858 851 0.004012961058671944
862 858 0.0007291129684091238
862 859 0.0022668335446281206
880 859 0.004344997060468134
886 880 0.0020733650069633585
901 886 0.002409017204048094
923 901 0.008432150593338511
923 902 0.002469478887516749
799 749 0.008425851256125714
812 799 0.007433281676910984
812 759 0.008425850936316915
759 754 0.0029860093302167554
754 749 0.00444728518164242
924 920 0.005366846647689724
920 914 0.0006198684961535325
914 908 0.00758379475651767
928 908 0.002938930199815559
928 926 0.0010743328086148616
946 926 0.0027579365334620275
948 946 0.0011942837446824758
971 948 0.002803183943303032
973 971 0.0072339942716463015
974 973 0.00022492757358770336
982 974 0.005580042329195288
982 924 0.008107760110325296
845 839 0.0034212179878388626
839 824 0.0029889599653070576
824 814 0.007608239425084092
827 814 0.0026878654095604045
827 823 0.0011995298326407924
838 823 0.002999592952637208
841 838 0.0011995294083349763
852 841 0.0028146799032705383
864 852 0.0075533830891687985
864 860 0.0005809363872578288
868 860 0.0034760766222992484
868 845 0.004932240717000211
822 819 0.0011788357235208696
822 807 0.0031783850519555533
807 804 0.001182344610343457
804 796 0.002191057684049794
796 780 0.006511330068555198
820 780 0.007631777750731036
832 820 0.0065193117657311485
832 819 0.002249131317519666
647 579 0.008569443476525227
666 647 0.007510262911541478
666 602 0.008558925653875733
602 579 0.007513899527656414
831 795 0.0076450308638950915
848 831 0.013275040195057753
848 815 0.007645030457879274
815 795 0.013275051992763222
724 651 0.008256658658986438
742 724 0.007337672458975763
742 671 0.00824622166589623
671 654 0.0049862803456580135
654 651 0.002355267024856722
797 747 0.007854959027817352
817 797 0.01423968478408044
817 794 0.004596789370552684
794 789 0.0032116754419000805
789 765 0.0032581693954490624
765 747 0.011028021413275413
737 665 0.007787891269466798
756 737 0.01316170998194169
756 707 0.007787890973254985
707 691 0.005243414966291444
691 665 0.007918307408111632
464 462 0.00029579323427048743
464 451 0.003722151748369222
515 451 0.006169875958719538
523 515 0.0037810979635080756
536 523 0.0020867938905239974
568 536 0.007416505854757603
568 491 0.00857043913942813
491 462 0.007459874366975034
781 779 0.001975403906477876
781 761 0.002877423317962611
761 758 0.0006901350623907565
758 748 0.0028167374400341724
748 717 0.01346393350649504
764 717 0.007716291128291463
791 764 0.01217518824682826
791 779 0.0020115596283882477
621 538 0.007974212169803832
653 621 0.013434718481535188
653 594 0.007960868075400892
594 558 0.008176549127962385
558 538 0.005254145761550934
730 722 0.002402386569754048
730 690 0.004395689714733388
690 684 0.002402387809886146
684 664 0.0017846478795261692
664 645 0.00792810038987878
662 645 0.002378683964568074
662 659 0.0009030108466199235
663 659 0.0003616785690629329
663 660 0.0008916094720707249
686 660 0.0025529540982753367
688 686 0.0008561333492843518
692 688 0.0004197677387123938
698 692 0.0009190532347899348
720 698 0.0025635626414556092
736 720 0.007936120396264356
736 722 0.0020882374195932713
443 435 0.0019298905447319792
443 415 0.002880459152884458
415 410 0.0006144322173492704
410 389 0.002999362387071122
389 350 0.013584103595855932
406 350 0.007932357463713671
453 406 0.012256784576028077
453 435 0.002045140286029057
710 709 0.0002838391706054762
710 696 0.0014492865936579194
696 693 0.0002838392180977167
693 644 0.005638899310079076
644 612 0.013202993735131922
639 612 0.0034187752501059717
639 633 0.0031153357826138443
661 633 0.004355859366371018
670 661 0.0031153341994672656
675 670 0.00025610568621087996
716 675 0.013191557459907787
716 709 0.000934522707751847
643 638 0.0017946029618676933
643 624 0.0027641057284592658
624 619 0.0005837004299431732
619 593 0.0031414952388945728
593 575 0.004850402706867387
575 560 0.0010744434929848509
560 554 0.0021025114296094874
566 554 0.0010638619024979248
566 542 0.0065546024982473
576 542 0.0027904067302526405
576 565 0.002452666664626207
616 565 0.004783655816034672
622 616 0.0023977386426783224
625 622 0.0003510971013361172
652 625 0.01235149703378662
652 638 0.00200896603339274
486 432 0.005770323208381247
495 486 0.0011934352061856296
516 495 0.002247453346417548
550 516 0.012450444424963559
550 478 0.008031098834526042
478 468 0.0024932547088402095
468 432 0.01115472828947658
587 527 0.016721196129159586
608 527 0.007856210920035005
642 608 0.01244304348184073
642 640 0.00019801352645948983
646 640 0.004286153356765709
646 587 0.007655611331198009
312 306 0.0010557045516946092
312 286 0.0034306271964319704
286 246 0.013470704747137586
303 246 0.007796191544040725
355 303 0.012422924622465997
355 306 0.004362694425361999
498 418 0.007813183544417603
524 498 0.010181430125215506
524 447 0.00781318327433767
447 439 0.0033583395167299584
439 418 0.006823100109785662
403 401 0.0021982176654489864
403 391 0.0015579111150182832
402 391 0.003061210753853927
402 367 0.004253469465353316
367 329 0.012646118076789857
399 329 0.008200672321718235
416 399 0.007378745864740537
416 401 0.0023920948201468168
454 425 0.0029698329476699663
454 450 0.0006546590615144832
476 450 0.002734903076674022
485 476 0.00212080279282987
504 485 0.0019983834829921335
534 504 0.012112279993610402
534 466 0.007724275695976771
466 425 0.013571523663722943
180 179 0.00023780714312353593
180 170 0.004336769149446462
198 170 0.004764058318199186
207 198 0.004293385340338571
228 207 0.0034173036885399503
249 228 0.009796030058907697
249 199 0.008416279132867244
199 179 0.00974474486333226
369 297 0.00814946638277802
394 369 0.009700830164115342
394 324 0.008152038301568213
324 309 0.004381172210404164
309 297 0.0053276835115724005
294 231 0.008548928640931677
334 294 0.012473011409490213
334 265 0.0076776719146383855
265 250 0.00492853442138123
250 245 0.0008817654885740616
245 231 0.007540808506078982
354 323 0.002861991087055037
354 349 0.0007761596582453155
375 349 0.003250074121949499
380 375 0.0019027928329624973
397 380 0.0020250069457742647
433 397 0.012469311179766612
433 366 0.008134302076002664
366 323 0.01358800609439851
148 146 0.00033884523913625
148 117 0.0043375218478836465
117 102 0.007844837228613224
157 102 0.00830020872540897
173 157 0.007505984810826216
173 146 0.003962687553517111
222 216 0.004182910387792641
222 186 0.0061669863902386315
186 161 0.01176885084673225
211 161 0.00828798682846416
227 211 0.0075938344116176166
227 216 0.00211811087012041
243 229 0.0025415647396447964
243 241 0.0014651592608021606
264 241 0.0032921388981811744
270 264 0.001366688277737515
291 270 0.0027288599466540457
315 291 0.0075107934640802464
315 244 0.008555102532867051
244 229 0.007424154533282152
1126 1123 0.001318805734618363
1126 1115 0.0029318341701284373
1115 1111 0.0013156616927911334
1111 1092 0.003497344227434007
1092 1069 0.007698659840458911
1124 1069 0.008676953349197925
1137 1124 0.007698651853862634
1137 1123 0.0022584527251562907
195 191 0.00042237973712636756
195 188 0.0025095346876720308
234 188 0.00787063426472773
261 234 0.009983072017884068
261 210 0.008282487978792177
210 191 0.0074772435971233505
149 137 0.003987236510424995
149 104 0.006589708925021375
104 96 0.01145345219513495
129 96 0.008237136513241596
151 129 0.007474160059714779
151 137 0.0016446901321553265
172 159 0.0024946883651013386
172 171 0.0009887382743837114
187 171 0.0029836601584894537
189 187 0.0009887379550816734
209 189 0.0028172295606444142
226 209 0.007780728366475257
226 178 0.00828526096970915
178 175 0.001473471165409451
175 159 0.006311450345851412
160 156 0.0011382745994206814
160 138 0.0027749538349870983
138 133 0.0011382749473378296
133 118 0.0026456735375636454
118 101 0.007696145181044628
119 101 0.003298125904642339
119 114 0.001906318979828629
135 114 0.0031822454660696627
142 135 0.0019063183140994584
155 142 0.00178655457838974
174 155 0.00769212878770051
174 156 0.002835915874131566
150 141 0.002620680953889749
150 120 0.0042350181075778565
120 113 0.00196680748571305
113 103 0.002226083463384851
103 97 0.008535777969261764
99 97 0.00222608360740634
99 98 0.0007962146761623606
106 98 0.003335602516275365
109 106 0.0007763698645008765
127 109 0.0025280379644037868
154 127 0.007912962026276947
154 141 0.001611902075406002
1046 1004 0.008413866757515381
1074 1046 0.012586661874758188
1074 1021 0.00801786944961448
1021 1014 0.008311048013053204
1014 1012 0.00040665536136288885
1012 1004 0.004272431022145459
1056 1048 0.012532512192685112
1064 1048 0.002476782598241646
1064 1061 0.0010244340661220003
1097 1061 0.0033215605862416
1098 1097 0.0011527149418739955
1110 1098 0.002545320985232822
1120 1110 0.01240422486254489
1120 1068 0.007567419588019698
1068 1056 0.0007762542179018427
463 457 0.0034223415936093272
457 427 0.0029568184798368395
427 421 0.0037535792678558945
423 421 0.0003730792276814331
423 411 0.007097398714328459
487 411 0.0075402360022575644
488 487 0.0006248620136924947
492 488 0.00011403005880272501
510 492 0.010229960368785986
510 505 0.00029349091429532525
514 505 0.003428703537619434
514 463 0.00478638287795514
352 279 0.007809590235381215
385 352 0.010737395405998518
385 317 0.007809589683480561
317 293 0.007243641480230487
293 279 0.0034937641113490688
383 377 0.0038959281750746678
383 381 0.00023592754252366134
382 381 0.0010909879763037087
382 337 0.0053323082388329595
337 336 0.001082665366690096
336 335 0.00019071288986774497
335 333 0.0005962933608867721
333 327 0.0005060871689209187
327 321 0.003529494655114808
325 321 0.0003826329443856207
325 314 0.00661593707176828
314 290 0.0026661541699072983
290 287 0.003153032911639461
308 287 0.00274564938965826
308 305 0.0003231554522419701
384 305 0.008012021932838545
398 384 0.010340266312087084
398 377 0.002216299789884104
256 251 0.001141058164975888
256 235 0.0030873931240035426
235 232 0.0011487119458274853
232 218 0.0025953733622237946
218 200 0.0076759517341911995
202 200 0.0003867793917866188
202 193 0.0029170193836980224
238 193 0.007938901378675717
247 238 0.0029200902408581856
248 247 0.00011211280648227185
273 248 0.007675945116096482
273 251 0.0027447048650069868
184 182 0.0013409577992150317
184 169 0.003068361331748334
169 164 0.0013361086693854487
164 144 0.0026983733630147866
144 122 0.007357214594919431
123 122 0.00021051797432807934
123 105 0.0040131534970307995
163 105 0.007949303572457201
176 163 0.004013150340433285
177 176 0.0004210358658756034
197 177 0.007357208343176495
197 182 0.0028241263686680272
535 484 0.005989792530560549
548 535 0.0037209063867503457
571 548 0.001768683340534226
574 571 0.0010404326164251717
581 574 0.00026926216022886824
611 581 0.010014925212206037
611 529 0.007935350266445087
529 501 0.01024732319470361
501 500 8.183553769313597e-05
500 484 0.004532488320108122
613 606 0.0034611871151822983
613 545 0.005938594600696283
545 540 0.003196339488676882
540 530 0.0011466309895496025
530 522 0.007891725488555362
547 522 0.0028910812147957122
547 543 0.0013641595530257753
582 543 0.0030255292101869905
584 582 0.0009810885351558857
603 584 0.0022382827042157867
605 603 0.00046976497753381866
609 605 0.00023592752657517727
617 609 0.007550256379492819
617 606 0.0013153260529173755
419 376 0.00570244699751096
431 419 0.0037707155016415144
458 431 0.0027166037763916165
493 458 0.009688875359458091
493 412 0.008065248883104155
412 387 0.00895980232184032
387 386 0.00035109721208504926
386 376 0.004491841778254933
1100 1043 0.027486540736958887
1100 1096 0.001292643175406858
1096 958 0.023680387083330322
958 955 0.0006607509293141737
955 940 0.004691048077678377
964 940 0.0028628153384339266
964 945 0.0062388366425765104
962 945 0.0020229934885411193
962 925 0.015703192271501274
1043 925 0.021954235740472793
341 339 0.00014192026565305218
341 338 0.0001874277552092652
340 338 0.0005162303959034997
340 310 0.002964817024600734
310 304 0.000590860924158891
304 302 0.00037485552673630914
302 288 0.005622114529538742
320 288 0.003527061629636151
328 320 0.0019541611530971815
345 328 0.001753017788145271
359 345 0.003597002098572936
359 339 0.0017425123383405926
472 417 0.005772196505743485
483 472 0.006133720949929942
483 426 0.00577219648402473
426 417 0.006133725542184691
482 428 0.005547530013017799
497 482 0.006027960305540822
497 438 0.005548827962483158
438 428 0.006036286217179856
1025 1002 0.00578473733381926
1029 1025 0.003307926803935354
1029 1003 0.005784737324880171
1003 1002 0.003307929298968699
503 445 0.005547529980639177
511 503 0.0034611917846108613
511 452 0.005548827936671249
452 445 0.0034695169213061917
208 185 0.0036435611492443534
223 208 0.0058973593531805694
223 203 0.0036435608970801754
203 185 0.005897361444668892
201 181 0.0035419855190584586
215 201 0.005537759292374296
215 190 0.003549328160105235
190 181 0.005525893624783097
520 460 0.006249530532696023
525 520 0.0034517186861856767
525 465 0.006238570251386812
465 460 0.003453601554411422
938 913 0.0035268732008904608
944 938 0.005674387959549956
944 919 0.0035268731956067324
919 913 0.005674390609860238
564 526 0.0037727315156492083
578 564 0.005475008224717493
578 531 0.0037714054653731587
531 526 0.0054666915811161804
239 205 0.005832352148450648
252 239 0.006271709184898513
252 217 0.005835143135119575
217 205 0.006279655455772471
285 258 0.0033554093966326544
300 285 0.005545698049197792
300 274 0.003355409219563279
274 258 0.005545699947917961
533 473 0.006554634844316946
541 533 0.004727031866798464
541 480 0.00655588491464762
480 473 0.004735366211865948
1150 1129 0.006411702382008753
1153 1150 0.0037242888165132187
1153 1133 0.006411702370001712
1133 1129 0.0037242919357207854
1094 1045 0.0058928692573796135
1102 1094 0.0057184023935817445
1102 1050 0.005891514631321608
1050 1045 0.005710094319445015
348 313 0.003267975673065827
358 348 0.006020042850694787
358 322 0.0032679756692819105
322 313 0.006020045461225317
551 502 0.00568307273005957
557 551 0.003323430292455446
557 507 0.005684477027504711
507 502 0.0033317374709942475
580 518 0.005479022384088641
590 580 0.00615280499895301
590 528 0.005477746721518179
528 518 0.006144484027082083
546 481 0.006852904156801622
552 546 0.00403421392391402
552 494 0.006843106414888434
494 481 0.004044159310254559
299 271 0.0034662760707957958
319 299 0.005627118264051347
319 289 0.003455755110113718
289 271 0.005630733846470976
121 100 0.0035353510736685382
134 121 0.006318846531552958
134 107 0.0035353509628579913
107 100 0.006318849064071461
1054 1019 0.006349665860032725
1060 1054 0.006397805976644954
1060 1022 0.00634966583873724
1022 1019 0.006397811268444259
393 361 0.004373100889912477
409 393 0.0064796981150642505
409 379 0.004380382440582891
379 361 0.00646777380617599
1082 1033 0.006879034767750845
1090 1082 0.003639634658463802
1090 1038 0.006870311394948871
1038 1033 0.0036505334620657802
1042 1006 0.007356652277320209
1047 1042 0.003707649629425485
1047 1010 0.007356652265029785
1010 1006 0.0037076531900920194
620 586 0.003708241375872652
629 620 0.005560575808804787
629 595 0.0037082413634901986
595 586 0.005560578484703179
1009 989 0.003746763080604533
1015 1009 0.0052764018106812235
1015 995 0.0037482113719970313
995 989 0.00528470090321824
1030 1005 0.005617290824369488
1035 1030 0.003232088766657071
1035 1008 0.0056296706381433
1008 1005 0.003238499623306538
600 532 0.006174515562405951
607 600 0.004014151257355189
607 537 0.006175785133962636
537 532 0.004022479495771131
1086 1079 0.005624138664916632
1086 1052 0.0035210225730587436
1052 1049 0.005607439658896928
1079 1049 0.003523238350778191
648 637 0.005570281106936991
648 626 0.003517558105732904
626 610 0.005570283431992091
637 610 0.003517558170179875
821 803 0.0037698574315922517
830 821 0.00566298840593016
830 813 0.003769857349913389
813 808 0.0028475363792799598
808 803 0.0028154639220787296
793 773 0.0035154785439325048
805 793 0.00610397340149666
805 787 0.003515478380419246
787 785 0.000216621478298886
785 773 0.0058874360106840815
746 725 0.003381622379113836
753 746 0.005613818972664747
753 735 0.0033816223008328065
735 728 0.004222106181761136
728 725 0.001391716874804484
237 220 0.0032671430593577072
257 237 0.006156104768700898
257 233 0.0032636990504663456
233 221 0.006045681128482714
221 220 0.00010277749088363837
853 833 0.0043188506868095874
861 853 0.005194160025999959
861 844 0.004318850587870123
844 843 0.0008000553767220282
843 833 0.004394108337905616
846 829 0.003503650589332559
854 846 0.0059413635736031345
854 836 0.003503650515602986
836 834 0.0023039870139012304
834 829 0.003637379110050434
490 456 0.0035047929876342457
512 490 0.005482577724987922
512 474 0.0035121482056883154
474 469 0.0009019290504405135
469 456 0.004568789433462545
556 506 0.005753926784266908
563 556 0.0033279688497382014
563 513 0.005742924902644949
513 509 0.0015673483997489372
509 506 0.001762245016036794
166 139 0.003615138082000747
183 166 0.0062639287663572
183 162 0.003605120012383488
162 140 0.005805224878551071
140 139 0.0004636659667830608
430 429 0.000681241950614002
430 363 0.007881514597506105
363 357 0.00879655991471931
455 357 0.0117667040435501
467 455 0.008120145190173912
467 429 0.0038619023888225306
918 887 0.004100922408958941
921 918 0.0005449389365012225
931 921 0.002091370770755381
947 931 0.006145820571485593
947 904 0.006192292938925123
904 903 7.095950714413602e-05
903 887 0.0066198162421067
783 712 0.010663340995121158
792 783 0.00862456445061846
792 741 0.008042427646978505
741 738 0.002606686071622597
738 719 0.002631905809391212
719 718 0.0005196717316835178
718 712 0.005496538758475524
116 111 0.0003195722048649955
116 112 0.0007640894596027953
132 112 0.0029220553361919933
152 132 0.006088996626417487
152 126 0.0032520293017458957
126 124 0.00010644056404479338
124 111 0.005214640712600375
147 145 0.0010281705493638265
145 143 0.0004013659713390165
143 125 0.005447277777126167
153 125 0.0034572914015136335
167 153 0.005348800818544455
167 165 0.0003167848228656462
168 165 0.001138338458459191
168 147 0.0027468096918467333
519 517 0.0008045949113342768
519 499 0.0028515205755815145
499 496 0.0008045951804276036
496 489 0.00043038470416285413
489 470 0.005338310593320135
508 470 0.0036198377493158514
521 508 0.005338308317705144
521 517 0.00033793569690560943
260 253 0.0028186034198356066
263 253 0.0006870709806234772
263 262 0.000368289387099731
307 262 0.005603521478223305
316 307 0.003520024667475473
316 267 0.005602134849164995
267 266 0.00032487285463371344
266 260 0.000687070979521011
1089 1088 0.0001699223165071927
1089 1044 0.005568276413937474
1044 1041 0.0033930878654585303
1084 1041 0.005467996902296843
1085 1084 0.00021174701641336335
1093 1085 0.0007408143262441074
1095 1093 0.003018349170982964
1095 1088 0.0006283626103562938
704 702 0.0006422098558836618
704 678 0.0026531008834853004
678 677 0.000488727093933557
677 672 0.00037485532937650394
672 655 0.005789340769224104
687 655 0.0034608661984442753
708 687 0.005631470793501985
708 702 0.00044614442676036293
390 388 0.0006031606928348376
390 374 0.002492003282072696
374 370 0.0006031608659572437
370 365 0.0005622832414777281
365 353 0.005621849159105552
378 353 0.0035215388222765206
392 378 0.005621846863580888
392 388 0.0004672615536642503
916 915 0.00072561156763717
916 898 0.0028253120228686826
898 896 0.0005207729848501072
896 891 0.0003011271500724434
891 876 0.005588051153150298
906 876 0.0033956131467420235
917 906 0.005386537983141844
917 915 0.000279845035184434
1032 1028 0.0029123140756232317
1036 1028 0.0009083656972925337
1036 1034 0.00044987012446861147
1076 1034 0.0056718326644794054
1080 1076 0.004288388055197417
1080 1040 0.005290415133950935
1040 1039 0.0009164594577676281
1039 1032 0.0012997514754415484
990 987 0.0006617913011761153
990 980 0.0024683934203726804
980 977 0.0007016003980266369
977 975 0.0005307215291327487
975 968 0.005346862167565721
983 968 0.003445233764515005
991 983 0.005382336390187823
991 987 0.00045939992103542754
281 278 0.0006459567124773241
281 242 0.005171158730741042
242 240 0.0006459570870096296
240 236 0.00045183349722096157
236 225 0.00562457287335124
268 225 0.006201211377874595
284 268 0.0056166605879027325
284 278 0.0005811489510680011
1105 1104 0.0003331700050323022
1105 1053 0.005683071033149318
1053 1051 0.003323397981277112
1101 1051 0.0057516614575954
1103 1101 0.0003331700240326282
1106 1103 0.0008695211544724774
1108 1106 0.0026653598081319107
1108 1104 0.0009366907089532596
440 437 0.000933472710842151
440 413 0.002785784168869038
413 407 0.0008666862291912859
407 404 0.0004013657609469297
404 395 0.0053807513557702896
422 395 0.0035409637784004386
441 422 0.005313983368087975
441 437 0.00035381473230403386
628 627 0.0004965735972309277
628 570 0.005716533425023858
570 559 0.0037491682089066712
618 559 0.005716533441153049
623 618 0.0006848605672536632
632 623 0.0010287020616032243
635 632 0.002567731664924649
635 627 0.001028702059544628
786 784 0.00039828581383116783
786 771 0.0026461570390148236
771 770 0.0004498242565632204
770 763 0.0004884778390726317
763 752 0.005550930618130461
778 752 0.00368118906593082
790 778 0.005605737523304965
790 784 0.0005572128493511147
115 108 0.0005644114934229346
115 110 0.0006720410830044166
128 110 0.002619478413700526
131 128 0.0007144037464089344
136 131 0.0005781709578450432
158 136 0.005598524686457768
158 130 0.0037561813309605037
130 108 0.005653567146565066
371 368 0.0008903241929870071
371 346 0.0032514898967540996
346 344 0.000870548319179244
344 342 0.00014588054761987735
342 318 0.006208851097859379
356 318 0.0037642300175005712
372 356 0.006177642598890157
372 368 0.0003835556522496465
1072 1070 0.00038309260589990655
1072 1031 0.005753925540859274
1031 1027 0.0033279380577803585
1065 1027 0.005708696753421543
1066 1065 0.0002731824117938408
1073 1066 0.0005843164797462659
1077 1073 0.002673314542579013
1077 1070 0.0005501035160670616
599 597 0.0006856484046033213
599 577 0.0025081783746509385
577 573 0.0007406828531615774
573 567 0.0004118564915167857
567 544 0.005468577846836104
589 544 0.0036829375965025052
604 589 0.005519959911905096
604 597 0.0007524030125501692
477 475 0.00059879158570986
477 448 0.0030397195908642358
448 446 0.0006104953358508616
446 444 0.0003062669445826193
444 424 0.005545727549627194
459 424 0.0036788626991607542
479 459 0.005561541061579033
479 475 0.0003195719772862314
676 668 0.0006810997284893133
676 673 0.0009180586619176286
700 673 0.002471138497103395
701 700 0.0010202309156145102
729 701 0.003046636512566435
740 729 0.005468565263753004
740 689 0.006212124881795565
689 668 0.005574993967432337
259 255 0.0002987765748694667
259 254 0.0007877821888689515
276 254 0.0026579798889269516
280 276 0.0006695994245721469
283 280 0.00020366585312643133
298 283 0.00538884109118134
298 272 0.0031604189574268027
272 255 0.005270655017518534
1117 1116 0.0003600034513081603
1117 1081 0.0053843160903396785
1081 1075 0.003521855814832186
1113 1075 0.005293788404730917
1114 1113 0.0002898164535576364
1118 1114 0.000744682885132827
1119 1118 0.0028638176974386115
1119 1116 0.0006556227177689839
591 588 0.0005546825076381843
591 555 0.002790893170541733
555 553 0.0005546827092265154
553 549 0.00034838943973034063
549 539 0.005763101394130523
583 539 0.003466971005249697
592 583 0.00577142110915491
592 588 0.00032640163197313656
1063 1062 0.00033984474677997017
1063 1026 0.005568276449340016
1026 1024 0.003249741197186258
1057 1024 0.005680731946663058
1058 1057 0.00024653544473594256
1067 1058 0.0006063316662121281
1071 1067 0.0026618249296286767
1071 1062 0.0007077824424807325
769 762 0.00043038454691623216
769 766 0.000706191260241439
798 766 0.005156470025813403
800 798 0.0005562501707726095
802 800 0.0006153062628147454
811 802 0.005468835780178168
811 777 0.006191515449969718
777 772 0.0028488867328660544
772 762 0.0024733383809104554
1078 933 0.02466536289707245
1083 1078 0.0007000489965743731
1087 1083 0.0007073163525349548
1091 1087 0.0003460747448833776
1112 1091 0.021981273917157127
1112 1059 0.006592042682955537
1059 1055 0.0017270369534664242
1055 981 0.0156471501723079
981 933 0.02139532492557512
196 192 0.00039861655799184307
196 194 0.0005987939985880078
212 194 0.0026347825465122057
213 212 0.0005792199764150514
214 213 0.0002482369729523279
224 214 0.0056380251540928
224 206 0.0032815930682786594
206 204 0.0006226672503548265
204 192 0.004995813140495493
569 561 0.00046726144525991597
569 562 0.001305959599000933
596 562 0.002909613090942061
598 596 0.0011560175223268138
615 598 0.0016053521334758569
630 615 0.005531759393884384
630 585 0.004979707980924878
585 572 0.0035744800746272836
572 561 0.00179930229652986
965 941 0.007224204625671849
965 961 0.00040136532416129204
970 961 0.0039114921437192725
970 966 0.0020480724013364833
966 936 0.0037073928305640888
936 934 0.00017338797504010811
934 856 0.013152782845831401
856 835 0.012530236944413744
941 835 0.018584519583560454
1894 1893 0.0002536663580900572
1894 1827 0.011403287072416444
1827 1826 0.0007106706358406966
1826 1814 0.0023896276569252877
1814 1809 0.0053803485922176856
1904 1809 0.01686336704221285
1908 1904 0.0058289570213400695
1908 1893 0.0030712416231900475
1924 1846 0.014599355434759601
1927 1924 0.005491716829320531
1927 1851 0.01458832026626335
1851 1850 0.00016157470896447585
1850 1846 0.005331549652055581
1927 1851 0.01458832026626335
1930 1927 0.005763308001834993
1930 1854 0.014913517202396765
1854 1853 0.00028831812766879256
1853 1831 0.004369979012305237
1831 1822 0.005636573427068626
1850 1822 0.004695177043173565
1851 1850 0.00016157470896447585
1994 1977 0.014989486650219543
2001 1994 0.008407670483859325
2001 1978 0.01498728296168657
1978 1977 0.008399560114813368
1819 1813 0.0044859236575993605
1819 1797 0.003995149719003241
1800 1797 0.0006893455114525208
1800 1738 0.014748452028306309
1738 1730 0.0051830553711170405
1813 1730 0.01874062605244537
2058 2038 0.01440247481919929
2061 2058 0.008434937498912078
2061 2041 0.014400270024296799
2041 2038 0.008426827689181175
1925 1919 0.004383624460531283
1936 1919 0.0037797537884992497
1936 1934 0.0010673899801238625
1957 1934 0.014664296479763668
1959 1957 0.005458897907505912
1959 1939 0.014555838179576541
1939 1925 0.0038853083153339986
1649 1644 0.0028792209459399974
1649 1597 0.012835111707723614
1597 1590 0.005707173484008414
1599 1590 0.002519465885842684
1599 1596 0.001347010662715381
1618 1596 0.005073164027468559
1618 1615 0.001398286814655106
1643 1615 0.0069325803448987595
1652 1643 0.0055694032028084615
1652 1644 0.0016796435896872894
1292 1282 0.004773754320316968
1304 1282 0.0036313070089910317
1304 1300 0.0023593234322260227
1327 1300 0.008649341751551085
1338 1327 0.0074915072865808265
1338 1309 0.008754906014178578
1309 1308 0.00035844122926275145
1308 1292 0.0035257412874482646
1961 1959 0.005470654145864277
1961 1941 0.01456627785749614
1941 1939 0.005466808190949098
1959 1939 0.014555838179576541
2003 1979 0.015292423367662518
2008 2003 0.008539813758526454
2008 1980 0.015279542410839904
1980 1979 0.008534498533278607
1810 1742 0.01461632349107112
1820 1810 0.005576915517232703
1820 1747 0.014616323020723599
1747 1742 0.005576924579424468
2063 2042 0.015056078611821518
2065 2063 0.008388452368659772
2065 2043 0.015053879982275139
2043 2042 0.008380340425178061
1962 1944 0.014419955981608801
1964 1962 0.005322925135081711
1964 1948 0.014419955619833795
1948 1944 0.005322933895459866
1601 1594 0.004860785995411103
1610 1594 0.0031766744391096675
1610 1607 0.0021072485205050418
1662 1607 0.013979287046352658
1669 1662 0.008118400894907594
1669 1619 0.013931733870979637
1619 1616 0.0011462436043825424
1616 1612 0.001214575642836737
1612 1601 0.0019963562744227357
1345 1306 0.011040390766418504
1353 1345 0.008362594113538733
1353 1318 0.011040390287056038
1318 1315 0.0018001255812603461
1315 1306 0.006562479528893588
1833 1820 0.005643841587666737
1833 1753 0.014626744852788327
1753 1747 0.005639938890523715
1820 1747 0.014616323020723599
1473 1428 0.010635952683249798
1476 1473 0.0038991296610288687
1497 1476 0.00420324387980583
1505 1497 0.00448991955576028
1505 1440 0.0148391952038479
1440 1428 0.008389056672506043
1192 1190 0.0010870653685867645
1192 1166 0.013517149400305387
1166 1165 0.00794055715736988
1179 1165 0.013768274067373517
1181 1179 0.0017842967415953803
1193 1181 0.0021523418954309385
1206 1193 0.005073031534277935
1206 1190 0.0024139047331872107
1967 1964 0.005484386155237296
1967 1951 0.014419955247284197
1951 1948 0.005484395177891236
1964 1948 0.014419955619833795
2009 1981 0.014793737419411812
2016 2009 0.008769802362207486
2016 1984 0.014791442171316331
1984 1981 0.008761720450311495
1890 1868 0.00354951158792262
1890 1886 0.0024498472970718144
1940 1886 0.01484476292594556
1945 1940 0.006089274709653144
1945 1876 0.01838382110495983
1876 1868 0.003643265297474141
2066 2045 0.014805379449216784
2067 2066 0.008790069991442705
2067 2049 0.014816094036611006
2049 2048 0.0040137365736323885
2048 2045 0.004773360397703496
1671 1626 0.014163837912505842
1680 1671 0.008189331522301658
1680 1635 0.014166664657691164
1635 1626 0.008197272158319602
1340 1330 0.007227477349802499
1359 1330 0.00984117949053709
1362 1359 0.003320343737191125
1362 1358 0.0013258458757922048
1363 1358 0.0038992334621618294
1363 1340 0.008518237326956009
1761 1759 0.0006697863374347074
1759 1755 0.0009413693410137812
1756 1755 0.0005696843846341096
1764 1756 0.001362963853166093
1764 1757 0.00362746576710714
1840 1757 0.014570943950861033
1849 1840 0.005683418607270336
1849 1771 0.014570943494261785
1771 1761 0.00136296383786567
1461 1458 0.00429699536106505
1458 1452 0.0010969234051783486
1452 1445 0.0029263952052719752
1479 1445 0.009424793334121783
1485 1479 0.002465570616539956
1513 1485 0.005529142273818077
1519 1513 0.004761822543816506
1519 1461 0.013867390899130621
1188 1167 0.009438429524323196
1194 1188 0.0033211711863566904
1220 1194 0.004094797075489253
1227 1220 0.006504713098992325
1227 1177 0.010449552890178048
1177 1176 0.00289975366414419
1176 1172 0.0017873008246979463
1172 1170 0.003329121988278994
1170 1169 0.0012963885152468694
1169 1168 0.002474067292870581
1168 1167 0.0011229662485174503
1966 1946 0.0173965389487219
1968 1966 0.00541610838378897
1968 1963 0.0049247869209039586
1963 1958 0.005220576184875693
1958 1954 0.00344868206843081
1954 1950 0.0037920252082327835
1950 1946 0.005419895841465723
2018 1985 0.015092354754009964
2022 2018 0.008570293611371835
2022 1989 0.015103103200376328
1989 1985 0.008567445182597704
1861 1849 0.005392063738198028
1861 1773 0.015896786516017673
1773 1770 0.0022174483770490243
1777 1770 0.0013258435167452826
1777 1771 0.0031746300830485393
1849 1771 0.014570943494261785
2068 2051 0.014342540350764068
2069 2068 0.008389144181256504
2069 2054 0.014331816163579125
2054 2051 0.008392128030071316
1674 1653 0.008281168806608587
1682 1674 0.00730533006155351
1682 1661 0.00827059838815923
1661 1659 0.003788327868545956
1659 1653 0.0035204883895033267
1795 1790 0.0023906947735362516
1806 1790 0.0023216741655015718
1806 1796 0.0030641940742472218
1870 1796 0.01379609417405665
1885 1870 0.0054469857535866355
1885 1839 0.008391798897443485
1839 1821 0.002974157698850001
1821 1795 0.004754727807586418
1522 1464 0.013931741112241205
1534 1522 0.007582657954897017
1534 1477 0.012561210378898771
1477 1472 0.004931736506211829
1472 1468 0.0013810033017635068
1468 1464 0.0026471776727733562
2024 1991 0.015151596308173232
2029 2024 0.008632113541181246
2029 1997 0.01514934592657885
1997 1995 0.0015222383442095237
1995 1991 0.007101780027132092
2070 2056 0.015008551094560577
2071 2070 0.008034177088008763
2071 2060 0.015010727410294206
2060 2059 0.0035310164722356973
2059 2056 0.004511318187970707
1987 1986 0.0018787845913821697
1987 1974 0.015329093216818345
1974 1973 0.008579000474334695
1982 1973 0.015180754923486634
1983 1982 0.00043854827027913184
1990 1983 0.004528468016048389
1993 1990 0.006275690166646565
1993 1986 0.0043993982451982746
1751 1708 0.014908981130930143
1752 1751 0.0023788438663790968
1768 1752 0.003268350941333851
1776 1768 0.003591896056964549
1776 1712 0.01816692291648314
1712 1708 0.005974690213042406
2072 2062 0.014908566272292112
2073 2072 0.00822087699450713
2073 2064 0.014908565953596678
2064 2062 0.00822089181409191
2047 2028 0.014592814553311455
2050 2047 0.008575327401026426
2050 2032 0.014595081996237496
2032 2028 0.008583450495509152
1949 1945 0.005301484755271175
1949 1906 0.014786752763211106
1906 1901 0.0021623338469110623
1901 1884 0.0035970685894872872
1884 1876 0.0031391616129735995
1945 1876 0.01838382110495983
1785 1779 0.003461932956182815
1785 1762 0.003873271452655504
1767 1762 0.002059837558357665
1767 1719 0.014674140714316455
1719 1712 0.005521757501611578
1776 1712 0.01816692291648314
1779 1776 0.0003804904845031628
1952 1915 0.014626738002884644
1953 1952 0.005466641620434589
1953 1921 0.014616315228652421
1921 1915 0.005470550678143072
1988 1975 0.01452910990918086
1992 1988 0.008393717082669241
1992 1976 0.01452910962082439
1976 1975 0.008393731931216793
2052 2033 0.01484342167659943
2057 2052 0.008306938738438328
2057 2037 0.01484342133327638
2037 2036 0.0002177881798787039
2036 2033 0.008089215764557912
1955 1953 0.005750167387312981
1955 1931 0.014605893454526998
1931 1928 0.002284328037626004
1928 1913 0.003785605656097947
1913 1907 0.003473737085245048
1921 1907 0.003772246518348762
1953 1921 0.014616315228652421
1734 1721 0.0035061578991957593
1735 1734 0.00020878130960846615
1778 1735 0.01150388216973008
1781 1778 0.0021976708256888733
1804 1781 0.0037201827719256864
1813 1804 0.003686419933552737
1813 1730 0.01874062605244537
1730 1721 0.006088896969320148
1896 1895 0.002245456795117098
1896 1860 0.006297342055250189
1860 1858 0.0025421431907521994
1858 1856 0.0001897805262550275
1856 1845 0.014287455893907088
1866 1845 0.004105198832217767
1866 1864 0.0013302868858733647
1869 1864 0.0005915604888813127
1872 1869 0.0006017763611690404
1875 1872 0.0006005116794261887
1878 1875 0.0005959380016038253
1879 1878 0.00030225008965629546
1881 1879 0.0013733756202242613
1887 1881 0.00043659507958532825
1897 1887 0.01455064008884438
1897 1895 0.0002569936375390753
1783 1754 0.005641628803392922
1754 1749 0.014392135484197759
1774 1749 0.005652674734349152
1775 1774 0.0009164558583289057
1783 1775 0.013474390474191798
1707 1705 0.0024694209991802745
1707 1694 0.004694142164711526
1694 1692 0.002469422533706235
1692 1688 0.0013218240596467165
1688 1683 0.004702051468763418
1683 1675 0.0023194825706930877
1675 1672 0.00560879682567549
1687 1672 0.0031133565972403837
1687 1686 0.000491689795420192
1703 1686 0.006362212957260648
1704 1703 0.0006448652856508852
1706 1704 0.00036935219237508216
1709 1706 0.010139568456614598
1709 1705 0.0015004744744020312
1722 1713 0.0034054290484578343
1723 1722 0.0014680041462091886
1728 1723 0.001311842051791884
1729 1728 0.0020028294510443727
1733 1729 0.0009073106344485188
1741 1733 0.014746765224612546
1741 1720 0.005625594745605638
1720 1714 0.017121482568677137
1714 1713 0.0011044940805519496
1665 1663 0.0025306970964158806
1665 1648 0.0046421528956501
1648 1645 0.00253069864803832
1645 1642 0.0012115219735116633
1642 1641 0.004103197674476074
1641 1630 0.002398814012499923
1630 1628 0.006090717033550806
1640 1628 0.0029599155729783315
1640 1639 0.00038163823848942857
1654 1639 0.0035992954395611186
1655 1654 0.0004597118309944239
1664 1655 0.003184792752491838
1668 1664 0.010117293261304828
1668 1663 0.0015025535480236826
1720 1702 0.005893539711108362
1702 1696 0.01468551382346962
1698 1696 0.00039145434800432946
1698 1697 0.0022159181689331534
1701 1697 0.0009635196977117481
1701 1700 0.001078015312899786
1710 1700 0.004224451997054199
1711 1710 0.0008496108629834684
1714 1711 0.0003131634755171084
1720 1714 0.017121482568677137
1677 1666 0.004414121049938544
1679 1677 0.002681143664049374
1685 1679 0.001085965609320063
1691 1685 0.014581100536562646
1691 1670 0.005500071863031543
1670 1667 0.016973935912683334
1667 1666 0.0002883198910405568
1670 1657 0.006038039871910899
1657 1647 0.014614560675555577
1656 1647 0.0013890700840411589
1656 1651 0.0033440876361034854
1658 1651 0.0011983713794946396
1660 1658 0.0009847001167112089
1667 1660 0.0034506014059621864
1670 1667 0.016973935912683334
1555 1541 0.002552327448952848
1557 1555 0.0012968125187671447
1584 1557 0.005126745642386898
1591 1584 0.015686452590707067
1591 1559 0.006759771379467949
1559 1554 0.003001627680933481
1554 1548 0.0009063327404812334
1548 1541 0.013966190841799146
1608 1604 0.00035830748340418765
1604 1600 0.0036954302033521845
1620 1600 0.0035470406442611687
1622 1620 0.0009833819963307477
1627 1622 0.0013097853899122112
1629 1627 0.0027551428466042914
1631 1629 0.0012084436221294506
1638 1631 0.014590455332960552
1638 1614 0.00570695803631321
1614 1608 0.014633573305463169
1614 1608 0.014633573305463169
1614 1588 0.006009068940773144
1588 1581 0.014623952869867833
1604 1581 0.005640667172705401
1608 1604 0.00035830748340418765
1817 1815 0.001696449015567737
1817 1793 0.003525897076986532
1793 1791 0.001950014269771174
1791 1786 0.0012425419691031656
1788 1786 0.0012286035317490944
1788 1769 0.003245880423167939
1769 1766 0.0015432774417486067
1766 1763 0.00017969741816130537
1763 1758 0.009683136904511757
1802 1758 0.0068058820596526015
1802 1799 0.000966639458230949
1818 1799 0.0031113960151039404
1824 1818 0.011218032469570581
1824 1815 0.001723325594472707
1745 1743 0.0025794564595435126
1745 1732 0.004457258579116488
1732 1731 0.0025710967423594536
1731 1727 0.0010187219097933266
1727 1725 0.0049639196832307894
1725 1718 0.0024971101504914135
1718 1716 0.005302409501581015
1746 1716 0.009777667325310048
1750 1746 0.010274676847143007
1750 1743 0.0018025801643415892
1621 1617 0.0008546585626359477
1621 1606 0.003116838576636018
1606 1598 0.005120183785107784
1598 1593 0.0014209610106384243
1593 1587 0.003800734394550658
1592 1587 0.001043396058128953
1592 1585 0.0042576353990415915
1609 1585 0.00578477732503848
1613 1609 0.003745614445845708
1624 1613 0.00189655246644772
1633 1624 0.008582145507306516
1633 1617 0.004197363649203573
1469 1443 0.0060321153928886125
1443 1434 0.01464201467805677
1446 1434 0.0019922926845153542
1446 1442 0.0037218068244183698
1459 1442 0.003816960900110232
1462 1459 0.003730173704375373
1463 1462 0.00023487263023455336
1469 1463 0.014640740456257543
1467 1466 0.0023437732820640444
1467 1456 0.0034175863930446583
1456 1454 0.002190746103269144
1454 1441 0.0018432233283449254
1441 1435 0.014080479467421482
1448 1435 0.002467909053744905
1449 1448 0.0013375229767608862
1470 1449 0.005238667378014657
1474 1470 0.01258258591297914
1474 1466 0.0024576310875957055
1420 1405 0.005964874038756869
1427 1420 0.014640760174150938
1427 1413 0.005953825842684024
1413 1405 0.014642034243253518
1413 1393 0.005706958552023634
1393 1386 0.014640782826946799
1390 1386 0.0010076781521180518
1390 1389 0.0010014264795193747
1394 1389 0.001051863389484016
1394 1392 0.002645107906246589
1403 1392 0.0036474322951545804
1405 1403 0.003645233257643159
1413 1405 0.014642034243253518
1422 1421 0.0030003833028888513
1422 1412 0.004933238648644603
1412 1410 0.0030003852685106295
1410 1402 0.0025393836989468332
1402 1400 0.010628153228612783
1419 1400 0.008312641159225947
1425 1419 0.01063651269246878
1425 1421 0.0008390931650245128
1431 1418 0.010734340126563224
1439 1418 0.005000953996207229
1439 1437 0.0007089670773626161
1447 1437 0.0024186701615090374
1465 1447 0.01215639605264035
1465 1453 0.00353814555952929
1453 1451 0.0007168785263518147
1451 1431 0.0038709999867315215
1365 1364 0.008214029252588035
1374 1364 0.0038455374990630587
1374 1373 0.0014738692184800726
1379 1373 0.0033196316522103725
1380 1379 0.009695122021285144
1380 1365 0.0071532482539565356
1367 1361 0.003570086024440394
1368 1367 0.00237352766749567
1370 1368 0.0008611996804586228
1371 1370 0.0012382438456129598
1375 1371 0.0015667462030129553
1378 1375 0.0146407911325779
1378 1366 0.005998020298759511
1366 1361 0.018252567687260902
1343 1331 0.0033306939857694743
1344 1343 0.0013889384777221385
1356 1344 0.0042259283175847635
1357 1356 0.008365990636211462
1357 1336 0.00703071088199589
1336 1335 0.006401605121770342
1335 1332 0.0005250541162497793
1332 1331 0.0033449524672973362
1391 1385 0.0020538316254505675
1391 1388 0.0035346759278119563
1404 1388 0.00542503220278578
1416 1404 0.01280724759697393
1416 1409 0.003439795308152412
1409 1407 0.0007131617538105458
1407 1396 0.004025833232031909
1396 1385 0.008555051521998062
1542 1529 0.003255053855712713
1545 1542 0.0021019345596201802
1549 1545 0.0011301534385185787
1552 1549 0.0014583389563502052
1563 1552 0.0015768728863161797
1571 1563 0.014415615089095475
1571 1536 0.005973125547115014
1536 1532 0.014415626527064069
1532 1529 0.003559037508255296
1366 1355 0.005662763640582253
1355 1348 0.014640813785309058
1351 1348 0.0007838597731959593
1351 1350 0.0014667181766708577
1354 1350 0.0008731903726450358
1354 1352 0.002763538663557625
1360 1352 0.003995632583247884
1361 1360 0.0006281533048985605
1366 1361 0.018252567687260902
1293 1278 0.002706114059181872
1294 1293 0.0012286253940427228
1317 1294 0.004864192860993818
1319 1317 0.007827546726026287
1321 1319 0.00038040134171372713
1322 1321 0.004700382116749854
1322 1288 0.007794122062255249
1288 1285 0.0052183691912083534
1285 1284 0.00015658176666041997
1284 1279 0.0058021871009233065
1279 1278 0.0027359990572748435
1316 1313 0.00030211094836233394
1316 1311 0.003968311308988769
1324 1311 0.003938492634344888
1326 1324 0.0038821003805601193
1334 1326 0.0015777951434142396
1341 1334 0.01465045280690405
1341 1320 0.005807348185369447
1320 1313 0.014565514346873082
1320 1296 0.005853441242293168
1296 1286 0.014573894178159085
1303 1286 0.0022382089596214272
1303 1298 0.0036201434245256496
1310 1298 0.0035028445806315873
1312 1310 0.003628510451422474
1313 1312 0.00011246381550747749
1320 1313 0.014565514346873082
1536 1515 0.005939965464630411
1515 1509 0.01441441561383333
1532 1509 0.005928912594441896
1536 1532 0.014415626527064069
1577 1572 0.0033519658480644344
1577 1553 0.004924795076490122
1553 1544 0.0041990020039945185
1544 1539 0.0005782722205232691
1539 1526 0.010513166377146381
1562 1526 0.007441400690170763
1580 1562 0.011367754874619796
1580 1572 0.0019592749470883925
1523 1521 0.0022012648797365567
1523 1492 0.00648354330227491
1492 1484 0.011948902572724691
1500 1484 0.002603966721348094
1500 1499 0.001210696501308891
1514 1499 0.0030966856920828494
1516 1514 0.0012118698758426848
1525 1516 0.0028167088663618644
1527 1525 0.007401648672885883
1528 1527 0.00027913345060701577
1530 1528 0.0023376063122513943
1530 1521 0.002324848237253024
1483 1463 0.005618572685569521
1495 1483 0.014650360323650665
1495 1469 0.0056286683098859805
1469 1463 0.014640740456257543
1482 1471 0.010430074668475595
1490 1471 0.0044349129592583195
1490 1488 0.0010094468594492362
1502 1488 0.0027982132270868744
1520 1502 0.012157076949782793
1520 1506 0.0033842538023555013
1506 1504 0.0007290980521088308
1504 1482 0.003840943458986735
1238 1236 0.0034123781669047055
1236 1235 0.0004938763687577015
1235 1231 0.007590795695991035
1240 1231 0.002824356227661745
1240 1239 0.0009331975048477475
1250 1239 0.0027791748669611367
1251 1250 0.0009262372485491657
1259 1251 0.0026567705752618483
1262 1259 0.00715762438904159
1262 1260 0.00013449315153914185
1263 1260 0.0038469334299356546
1263 1238 0.007655077901616754
1297 1281 0.0028354552545457505
1301 1297 0.0008550722453355691
1314 1301 0.004200386971452049
1329 1314 0.013695669971237012
1329 1307 0.007030353907088154
1307 1281 0.014534835438891844
1264 1243 0.0060210680051935575
1271 1264 0.0146504835618588
1271 1249 0.006020119333764556
1249 1243 0.014642126888029298
1249 1230 0.0056406680847302226
1230 1223 0.014642137844953657
1243 1223 0.005640668100985869
1249 1243 0.014642126888029298
1247 1233 0.0038703213520871233
1247 1244 0.0007956244439288273
1253 1244 0.0033129551742804436
1267 1253 0.011106710465470827
1267 1246 0.007180326939663793
1246 1233 0.010303268559424603
1199 1171 0.007545851071980929
1211 1199 0.011721949445528977
1211 1175 0.0075348236879799494
1175 1171 0.011723400817260518
1197 1173 0.0059307799726594
1209 1197 0.014640883612450794
1209 1178 0.005920683565289113
1178 1173 0.014650525996717149
1183 1174 0.0034886388915466287
1183 1180 0.0012526620437024985
1196 1180 0.0026963719023316243
1198 1196 0.0011107921059364918
1207 1198 0.0010271911859793485
1225 1207 0.010063631243035207
1225 1184 0.007215059614391855
1184 1174 0.009929701637580845
1219 1217 0.00023242351937599224
1219 1213 0.0008398232705295977
1215 1213 0.0010674127740543935
1215 1195 0.003253727652971357
1195 1185 0.005380439479890836
1187 1185 0.00022744267893715458
1187 1182 0.0012013521149457182
1200 1182 0.0030768277827003215
1203 1200 0.0011187159791612071
1212 1203 0.0012545098704664472
1221 1212 0.004171175332037343
1221 1217 0.00046224897974467814
1433 1424 0.003117953294866908
1438 1433 0.005357378714471565
1438 1426 0.0031060560617390638
1426 1424 0.00535009592250184
1816 1798 0.003146772954946728
1829 1816 0.005946322187042937
1829 1812 0.0031362446378289956
1812 1798 0.00594993085596713
1938 1935 0.0028725417703362494
1938 1916 0.006087816995816781
1916 1910 0.0028725436367013353
1935 1910 0.006087817127558
1892 1857 0.006568311228102949
1899 1892 0.0031383419361415625
1899 1862 0.00656831105612742
1862 1857 0.0031383440947038
1569 1550 0.002885000667417184
1550 1546 0.005366922782065652
1567 1546 0.0028960153814099185
1569 1567 0.005365388498891852
1457 1436 0.003643092890865411
1460 1457 0.006080729233982873
1460 1444 0.0036430928051184356
1444 1436 0.006080731818290543
2053 2044 0.006831363064984909
2055 2053 0.004059497165759859
2055 2046 0.006831362997270212
2046 2044 0.004059500535336978
1646 1634 0.00305334399931307
1650 1646 0.0052960671627880745
1650 1636 0.003054261685156275
1636 1634 0.005304442096714814
1347 1337 0.0030782568822625153
1349 1347 0.005486506218723693
1349 1339 0.0030773002160058307
1339 1337 0.0054781417912018624
1256 1237 0.006034354566717811
1261 1256 0.0048641005481726675
1261 1242 0.006034354393383898
1242 1237 0.0048641037978620185
1566 1533 0.0064415933303942794
1574 1566 0.005354832930720779
1574 1538 0.0064310755983624235
1538 1533 0.005358472310868142
1342 1328 0.003631314961913307
1346 1342 0.0061979650729151806
1346 1333 0.0036202833053542312
1333 1328 0.00619937428448667
1837 1832 0.0026215573141311023
1837 1808 0.005486178089693088
1808 1803 0.0026215588247192156
1832 1803 0.005486178207794159
1423 1406 0.006561680129460484
1429 1423 0.006452283311440209
1429 1414 0.006572157794050184
1414 1406 0.0064485407043850165
1882 1847 0.0062881382216126
1889 1882 0.0030873978093480625
1889 1852 0.006290546542716115
1852 1847 0.0030954668662750966
1268 1248 0.006237313720201972
1280 1268 0.0053411578503223525
1280 1254 0.006237313544831257
1254 1248 0.0053411615976500055
1241 1228 0.00387513648975818
1245 1241 0.006617338494454986
1245 1232 0.00387413851493554
1232 1228 0.006608978950417714
1920 1909 0.0029666557631607983
1909 1900 0.005588699576051325
1912 1900 0.0029562390087016256
1920 1912 0.005592623332109934
1960 1956 0.0034962354067930314
1956 1954 0.00573908188692021
1958 1954 0.00344868206843081
1960 1958 0.005738509508756038
1222 1204 0.0029631011508797524
1224 1222 0.005743568323212621
1224 1208 0.0029741591930684784
1208 1204 0.005742397237482041
1383 1376 0.0030390918945209563
1387 1383 0.005075302982864891
1387 1377 0.0030513911044214195
1377 1376 0.00508188353114328
1507 1489 0.003086726730602225
1510 1507 0.005033900773376967
1510 1493 0.0030867267260261473
1493 1489 0.005033902816434078
1531 1511 0.005629762723748354
1535 1531 0.0036687560775494456
1535 1517 0.005640042567563361
1517 1511 0.0036644925445591813
1684 1673 0.002920719799551439
1689 1684 0.005663431990752456
1689 1676 0.002930837169220983
1676 1673 0.005653808692521209
1208 1189 0.00303033430654364
1189 1186 0.00574357291091144
1204 1186 0.0030413918251445252
1208 1204 0.005742397237482041
1942 1926 0.0059848207555314855
1943 1942 0.0030843379688351253
1943 1932 0.00598482062849403
1932 1926 0.003084339968696745
1270 1258 0.0031788875397562237
1258 1255 0.005372332025394721
1266 1255 0.00316791966056127
1270 1266 0.005374182185594502
1426 1417 0.002726512096424547
1417 1415 0.0053584790270797085
1424 1415 0.0027256922874445443
1426 1424 0.00535009592250184
1877 1843 0.006279894248653302
1882 1877 0.0026762785077452615
1882 1847 0.0062881382216126
1847 1843 0.002665000222375625
1871 1841 0.00596679947923366
1874 1871 0.003774528310784284
1874 1842 0.005977844357862538
1842 1841 0.003773237166117983
1576 1543 0.006422783547929103
1586 1576 0.006589625445354417
1586 1556 0.006412331306867421
1556 1543 0.006593447415845431
1823 1792 0.0054828861759881374
1832 1823 0.0030632596587282846
1832 1803 0.005486178207794159
1803 1792 0.003070998878579895
1844 1825 0.0034677274203652204
1855 1844 0.005348697934460335
1855 1836 0.003467727318802301
1836 1825 0.005348700011026591
1914 1883 0.006100597791746999
1918 1914 0.0030369834582976976
1918 1891 0.006100597665794861
1891 1883 0.003036985469479137
1636 1625 0.0031436042395462296
1625 1623 0.005305667916670092
1634 1623 0.003154656670488361
1636 1634 0.005304442096714814
1232 1214 0.0038741385425869568
1214 1210 0.006608982339599285
1228 1210 0.003874138548430466
1232 1228 0.006608978950417714
2034 2025 0.006176764462805827
2035 2034 0.004006647400573157
2035 2027 0.006174449571548094
2027 2025 0.003998559027967918
1272 1252 0.006269368184639908
1287 1272 0.005970999213415563
1287 1257 0.006266339950268561
1257 1252 0.005963149839267369
1503 1480 0.003598221258122044
1508 1503 0.0058511325147353336
1508 1487 0.00359822125232767
1487 1480 0.005851135294036195
2023 2010 0.006583987960541531
2026 2023 0.004519461678449378
2026 2014 0.006583987891508098
2014 2010 0.0045194653035331555
1963 1958 0.005220576184875693
1965 1963 0.005739076278698631
1965 1960 0.005173022622379121
1960 1958 0.005738509508756038
1283 1266 0.0029649528674319772
1289 1283 0.005372327750208338
1289 1270 0.0029539859192366158
1270 1266 0.005374182185594502
1578 1567 0.0030316585672482575
1582 1578 0.005375260252648069
1582 1569 0.0030415161832006376
1569 1567 0.005365388498891852
1377 1372 0.003129585836358953
1372 1369 0.0050836249177604416
1376 1369 0.0031405694985956125
1377 1376 0.00508188353114328
1972 1970 0.00489912935185305
1970 1969 0.0035172232249074836
1971 1969 0.004896254053490322
1972 1971 0.0035093154522519714
1693 1681 0.0025614899270909835
1681 1678 0.0050591978089021515
1690 1678 0.002561489928574059
1693 1690 0.005059196087375685
1493 1478 0.002918047290369579
1478 1475 0.005033904748261188
1489 1475 0.0029180472961610865
1493 1489 0.005033902816434078
1923 1918 0.0032379386950457784
1923 1898 0.006100597531113358
1898 1891 0.0032379408373043976
1918 1891 0.006100597665794861
1801 1780 0.0030662505861798915
1805 1801 0.00529141631061825
1805 1784 0.003067210661432517
1784 1780 0.005299785112322638
1903 1899 0.0026215538375982434
1903 1865 0.006558090839264048
1865 1862 0.0026259617779465097
1899 1862 0.00656831105612742
1929 1902 0.006074325010249775
1935 1929 0.0030778108604005015
1935 1910 0.006087817127558
1910 1902 0.0030813122136278876
2039 2030 0.006522965975771954
2040 2039 0.004374284436047895
2040 2031 0.006522965894866758
2031 2030 0.0043742878622172075
1917 1911 0.0027531747650815126
1917 1888 0.00567050141303054
1888 1880 0.002753176516102269
1911 1880 0.005670501497980027
1922 1912 0.002847754246750118
1933 1922 0.005588695976512847
1933 1920 0.002837336545564948
1920 1912 0.005592623332109934
1736 1715 0.006249440652351106
1740 1736 0.006239987151350799
1740 1717 0.006254990503935977
1717 1715 0.006196761522342819
1695 1690 0.0029087321970376378
1699 1695 0.005059194133894348
1699 1693 0.0029087321942570165
1693 1690 0.005059196087375685
1782 1760 0.0034803176180206374
1787 1782 0.005623304222847292
1787 1765 0.003469304770089526
1765 1760 0.005624878683975582
1867 1863 0.003201998957303338
1867 1838 0.00584861239286707
1838 1834 0.003202001039957822
1863 1834 0.005848612501535367
1905 1873 0.005660058482139527
1911 1905 0.003513186302224423
1911 1880 0.005670501497980027
1880 1873 0.0035093326665682823
1947 1943 0.0029937432092191243
1947 1937 0.005984820505890657
1937 1932 0.0029937451498894376
1943 1932 0.00598482062849403
1339 1325 0.003134454637085006
1325 1323 0.005486510737573045
1337 1323 0.003133492491213714
1339 1337 0.0054781417912018624
1450 1430 0.0036833660430957067
1455 1450 0.006121639400663671
1455 1432 0.0036841075504083346
1432 1430 0.006130033491267267
1744 1737 0.0033580215800841024
1748 1744 0.005428379764337563
1748 1739 0.003358021573207482
1739 1737 0.005428382156968142
1739 1726 0.003131938350801193
1726 1724 0.005428384388370287
1737 1724 0.0031319383570805556
1739 1737 0.005428382156968142
1859 1828 0.005845682337184567
1863 1859 0.002894812427908502
1863 1834 0.005848612501535367
1834 1828 0.002902707472058085
2019 2004 0.006441246884511868
2020 2019 0.003607016789392147
2020 2005 0.006439269488260275
2005 2004 0.003598838057102039
1839 1821 0.002974157698850001
1848 1839 0.005722734687527037
1848 1835 0.002974157603253389
1835 1830 0.002768783742452983
1830 1821 0.0029539605648764293
1501 1481 0.0034977810311231216
1512 1501 0.006122014967049228
1512 1494 0.003489847022426536
1494 1486 0.003859304759595607
1486 1481 0.0022742194458950466
2017 2006 0.004894342499910038
2021 2017 0.007227320631776027
2021 2011 0.00489661040321664
2011 2007 0.006764468959395646
2007 2006 0.0004709960505032216
1807 1772 0.005956514640820245
1811 1807 0.0037770337539024634
1811 1775 0.005811748976822057
1775 1774 0.0009164558583289057
1774 1772 0.002866454307375482
1395 1381 0.0034075123970282563
1398 1395 0.00585115450666218
1398 1384 0.0034075123914196577
1384 1382 0.0020543776034667965
1382 1381 0.003796792476144528
2012 1996 0.006656820467941082
2015 2012 0.003906501959529982
2015 2000 0.006667501102686511
2000 1998 0.0028956595126161
1998 1996 0.0010077348307426604
1299 1265 0.006266339743449102
1305 1299 0.005092638339342007
1305 1273 0.006266339543559115
1273 1269 0.0013548952469018918
1269 1265 0.0037377473409904946
1830 1821 0.0029539605648764293
1830 1794 0.005845682821745973
1794 1789 0.0029578317050063113
1795 1789 0.0011013887073761555
1821 1795 0.004754727807586418
1632 1603 0.006939264971233196
1637 1632 0.003828871990222008
1637 1611 0.006936447515855652
1611 1605 0.0025407603451600737
1605 1603 0.001280186467548506
1595 1573 0.005971394536653055
1602 1595 0.004818321025034012
1602 1579 0.005968809674636505
1579 1575 0.00458142234982569
1575 1573 0.00022893692588888667
2013 2002 0.004236312741749205
2002 1999 0.007831961454996487
2007 1999 0.004236312829760148
2011 2007 0.006764468959395646
2013 2011 0.0010674885702687013
1408 1397 0.003712833935952354
1411 1408 0.006017067497314844
1411 1401 0.00371283392961638
1401 1399 0.0016491491572075611
1399 1397 0.00436792501322654
1518 1491 0.006191966415978084
1524 1518 0.0037219373707000846
1524 1498 0.006181544036922151
1498 1496 0.0014651480756824673
1496 1491 0.002260706001026138
1583 1547 0.006746404895320257
1589 1583 0.003832184613950718
1589 1558 0.006749332940357377
1558 1551 0.0029224001162165268
1551 1547 0.0009176760930133789
1276 1274 0.0003574153704124653
1276 1275 0.0005922368645528231
1290 1275 0.002715447452488266
1291 1290 0.0005838512230444249
1295 1291 0.00045784038728256793
1302 1295 0.0061049375029497985
1302 1277 0.0035425878055735573
1277 1274 0.006103816234965516
1565 1564 0.0002465364683079909
1565 1540 0.0036413044163454596
1540 1537 0.0061965317082084935
1560 1537 0.0036864806733265297
1561 1560 0.003335738083462085
1568 1561 0.001154224354128792
1570 1568 0.002622629935187495
1570 1564 0.0011983714265913024
1218 1216 0.0003426551843354289
1218 1205 0.002288969981971859
1205 1202 0.0005947212972892484
1202 1201 0.00022744266744174107
1201 1191 0.004088460760391518
1226 1191 0.006568139466987179
1234 1226 0.004328621977898404
1234 1229 0.0010835214174472361
1229 1216 0.0029609103639505756
2610 5 0.057095590632942346
2610 6 0.012950891099245253
7 6 0.07426248198105112
2606 7 0.04230224212601977
2606 8 0.03829501400766534
2607 8 0.041676996998679404
2636 2607 0.026386151432070893
2636 9 0.010038252838484956
2631 9 0.00838556340350321
2631 10 0.15054737887255354
2630 10 0.009155770546060506
2630 11 0.07400552815269659
12 11 0.0806657932534977
13 12 0.12224082641437246
2127 2101 0.016988535181174266
2101 2098 0.020284604192915296
2104 2098 0.006595583892491935
2105 2104 0.0008032870252197918
2111 2105 0.004447113253531536
2114 2111 0.006842281502736035
2114 2112 0.0013755991671474963
2113 2112 0.002138069226290492
2121 2113 0.007312328894732722
2127 2121 0.010511563981346717
2155 2128 0.007183919852179126
2132 2128 0.002143962047963664
2139 2132 0.001375599080819086
2144 2139 0.007055149470355338
2144 2125 0.0044327228004821
2126 2125 0.0008361740288708629
2126 2117 0.006434548237109452
2117 2108 0.020312838569758965
2148 2108 0.016677341512481434
2155 2148 0.010285763839197553
2182 2129 0.01688515476334277
2129 2120 0.0203563408714045
2140 2120 0.006381952089786503
2141 2140 0.0007326807746453217
2153 2141 0.004481496720091377
2160 2153 0.006948117237299635
2160 2154 0.0013321277875492537
2157 2154 0.0021027797669129363
2172 2157 0.007371999124216497
2182 2172 0.010551530792770328
2383 2369 0.006247977551434135
2390 2383 0.014981667733209914
2390 2377 0.006260638559930932
2377 2369 0.014987516992540736
2369 2350 0.006372867725574449
2377 2369 0.014987516992540736
2377 2363 0.00636200320625151
2363 2350 0.014989917133978514
2394 2380 0.006132164806353465
2402 2394 0.014846335222454656
2402 2387 0.006144817048748959
2387 2380 0.014852207325302742
2335 2334 0.00041995467557764574
2334 2333 0.0015606117068979806
2350 2333 0.006409053920036979
2363 2350 0.014989917133978514
2363 2344 0.0059981989293468735
2344 2335 0.013418702395903467
2380 2366 0.006052526519848183
2387 2380 0.014852207325302742
2387 2375 0.006039879717317721
2375 2366 0.0148463580495201
2392 2379 0.0061918627455033355
2400 2392 0.014989885199242117
2400 2386 0.006191862623074771
2386 2379 0.014989896897733827
2334 2319 0.0056687833592054815
2335 2334 0.00041995467557764574
2344 2335 0.013418702395903467
2345 2344 0.0015170942394272307
2345 2330 0.006077837497832847
2330 2319 0.014938193141789175
2366 2348 0.006222672084471872
2375 2366 0.0148463580495201
2375 2360 0.006235322071570069
2360 2348 0.014852230341497819
2367 2365 0.000568342304944011
2365 2364 0.004599582004235432
2379 2364 0.006760195191788386
2386 2379 0.014989896897733827
2386 2373 0.00618100036664649
2373 2367 0.010392733494306427
2319 2308 0.006157476212163005
2330 2319 0.014938193141789175
2330 2313 0.0061683399135887594
2313 2308 0.01493581664780846
2339 2331 0.01028449827707089
2348 2331 0.006200936553902467
2360 2348 0.014852230341497819
2360 2340 0.00662086473076699
2340 2336 0.004567746337506086
2339 2336 0.0004199546741800034
2365 2352 0.004838012286530872
2367 2365 0.000568342304944011
2373 2367 0.010392733494306427
2373 2361 0.005408146759551407
2361 2352 0.010400966532368246
2308 2284 0.006110432136317204
2313 2308 0.01493581664780846
2313 2300 0.006099566408031251
2300 2286 0.012340288176672733
2286 2284 0.002597944575761897
2324 2316 0.010284505232817648
2331 2316 0.005357518355406235
2339 2331 0.01028449827707089
2339 2336 0.0004199546741800034
2336 2324 0.004937587894884463
2352 2337 0.005509506627633526
2361 2352 0.010400966532368246
2361 2342 0.00550770994200387
2342 2337 0.010392747791902928
2284 2260 0.006555668609316093
2286 2284 0.002597944575761897
2300 2286 0.012340288176672733
2300 2276 0.006077838168579849
2276 2264 0.013505782984535175
2264 2262 0.0004905159617474268
2262 2260 0.0014383095593610287
2316 2305 0.005677853312872701
2324 2316 0.010284505232817648
2324 2311 0.005677853236130311
2311 2305 0.010284512601239599
2337 2322 0.0054172069190965245
2342 2337 0.010392747791902928
2342 2329 0.005408147120191584
2329 2322 0.010403375934742635
2262 2243 0.005600008321857663
2264 2262 0.0004905159617474268
2276 2264 0.013505782984535175
2278 2276 0.0015006422419953412
2278 2251 0.0060995668399764285
2251 2243 0.014995823924852023
2305 2285 0.005245275004788155
2311 2305 0.010284512601239599
2311 2299 0.005234408642810549
2299 2285 0.010286893524482746
2322 2309 0.005533034478535396
2329 2322 0.010403375934742635
2329 2314 0.005542096973306356
2314 2309 0.01039276213654064
2243 2224 0.006144819119305368
2251 2243 0.014995823924852023
2251 2233 0.006135752086274992
2233 2224 0.015006448372094923
2285 2268 0.005518576664290312
2299 2285 0.010286893524482746
2299 2275 0.005529443466871042
2275 2268 0.010284526573111479
2309 2294 0.005542097232966913
2314 2309 0.01039276213654064
2314 2301 0.005533034587562154
2301 2294 0.010403390450292736
2224 2211 0.006157477333409608
2233 2224 0.015006448372094923
2233 2219 0.006155685298580502
2219 2211 0.014998233961613218
2399 2349 0.020326729518009453
2403 2399 0.0066717460850017705
2403 2397 0.0018751806583959284
2398 2397 0.002168661255607207
2410 2398 0.009146137324798563
2412 2410 0.01023748728523282
2412 2385 0.017021545741600305
2385 2382 0.007870114091311654
2382 2370 0.005694300912026089
2370 2368 0.0008961426966250409
2368 2358 0.004874428458428737
2358 2349 0.010330471656957153
2268 2246 0.00557292119206654
2275 2268 0.010284526573111479
2275 2253 0.005572921118407396
2253 2246 0.010284533809767087
2427 2414 0.009180163749057463
2415 2414 0.0020427757042017344
2418 2415 0.0019348445257840272
2420 2418 0.007076209287260805
2420 2338 0.04066997795642121
2338 2328 0.014767578860832159
2328 2325 0.0009104097413600406
2325 2323 0.004491310827112895
2351 2323 0.010499635824722898
2359 2351 0.008129984925797609
2372 2359 0.005916768108652157
2374 2372 0.0009149840118693458
2395 2374 0.009408211733492775
2395 2393 0.00116310291430594
2406 2393 0.005641687110349993
2406 2404 0.007939438586033515
2422 2404 0.017359412572130622
2427 2422 0.010197407321408477
2294 2273 0.005601813051467995
2301 2294 0.010403390450292736
2303 2301 0.00254379236118245
2303 2282 0.005600007942210344
2282 2280 0.0025437941562467554
2280 2277 0.006296594811593481
2277 2273 0.00409858219618457
2197 2196 0.0002389156087682398
2196 2193 0.0016123676187812742
2211 2193 0.006419917596070444
2219 2211 0.014998233961613218
2219 2206 0.006181002567463741
2206 2197 0.013385879472362102
2358 2341 0.004635517624859251
2343 2341 0.001171341725675425
2343 2326 0.0058065781507618975
2332 2326 0.00801713054690369
2332 2307 0.010851162925232362
2307 2304 0.004527833476035927
2306 2304 0.0007728758066355069
2306 2298 0.014988842531522007
2349 2298 0.02050950176139831
2358 2349 0.010330471656957153
2244 2227 0.005381034751857729
2245 2244 0.003017742171873922
2246 2245 0.00012489726676659274
2253 2246 0.010284533809767087
2253 2237 0.00550771108832966
2237 2227 0.013310514015623675
2434 2417 0.016904983381254145
2417 2413 0.008170025452111544
2413 2409 0.005714032345614048
2409 2408 0.0008903425602470729
2408 2389 0.009473306089656758
2391 2389 0.0012254572945271536
2391 2378 0.0057846183347745345
2381 2378 0.00795243831685958
2381 2357 0.010745709688300891
2357 2354 0.004496092259486991
2356 2354 0.0007746636254260622
2356 2346 0.015068737337216752
2424 2346 0.04081088043587805
2426 2424 0.007045662355447317
2426 2423 0.0017520468281973821
2425 2423 0.0021568769366544843
2432 2425 0.008821725361500507
2434 2432 0.010237440856498813
2273 2250 0.005554757739786851
2277 2273 0.00409858219618457
2280 2277 0.006296594811593481
2280 2259 0.005565620542178447
2259 2250 0.010392784009533038
2196 2179 0.005735762314028934
2197 2196 0.0002389156087682398
2206 2197 0.013385879472362102
2207 2206 0.001465357203870771
2207 2186 0.0059746775688431526
2186 2179 0.014851242906054746
2227 2217 0.005370167044785261
2237 2227 0.013310514015623675
2237 2222 0.005370166952431413
2222 2218 0.010483303745913258
2218 2217 0.002827220067733319
2250 2235 0.005475119617027399
2259 2250 0.010392784009533038
2259 2242 0.0054751195413323865
2242 2235 0.010392791181236724
2179 2164 0.006021726548574394
2186 2179 0.014851242906054746
2186 2170 0.006021726429510956
2170 2164 0.014851254177865465
2218 2205 0.005621736674251321
2222 2218 0.010483303745913258
2222 2210 0.00563081945719672
2210 2205 0.01047271517914507
2177 2174 0.00686696014403703
2181 2174 0.0019113249440333067
2181 2176 0.002162756438308976
2176 2155 0.00911698388831037
2155 2148 0.010285763839197553
2194 2148 0.017109911310324764
2201 2194 0.00788306392128085
2213 2201 0.005752185776920797
2214 2213 0.0010243527337103295
2240 2214 0.009515172684356352
2240 2239 0.0010843384173354093
2254 2239 0.005706928140812484
2254 2248 0.008122967344359293
2288 2248 0.01075499973661547
2295 2288 0.0046418706221636186
2295 2289 0.0009195433818011466
2292 2289 0.003729251974574911
2292 2291 0.00040906724698280486
2293 2291 0.001991043500000626
2297 2293 0.000533963860193613
2302 2297 0.009269591614067837
2302 2177 0.040835392665137776
2235 2221 0.0054624595020625446
2242 2235 0.010392791181236724
2242 2225 0.005464257949293427
2225 2221 0.01040102434394571
2170 2156 0.006600921282648879
2156 2145 0.014851266536359093
2164 2145 0.006600921412052028
2170 2164 0.014851254177865465
2152 2121 0.008973864224404575
2152 2151 0.0020510337902066504
2151 2146 0.001898684590050549
2146 2142 0.006912835401670097
2249 2142 0.040711941110675276
2256 2249 0.009108475422778501
2256 2255 0.0003185541025603509
2257 2255 0.002026333270625457
2258 2257 0.00036380920331187204
2263 2258 0.0035951778911932227
2267 2263 0.0009212777237963865
2272 2267 0.004704184384592617
2272 2231 0.010689755886802649
2231 2228 0.008108844026442102
2228 2216 0.005913219522479708
2216 2215 0.0009996407698007056
2215 2189 0.009348543021341891
2190 2189 0.0010760984614969554
2190 2173 0.00592409350034107
2178 2173 0.008075936886887639
2178 2127 0.016888915529063027
2127 2121 0.010511563981346717
2205 2187 0.005460673787847895
2210 2205 0.01047271517914507
2210 2195 0.00544980583722015
2195 2187 0.010475089269008883
2234 2232 0.001018481375284174
2234 2220 0.005813612708168392
2223 2220 0.0081488642202736
2223 2182 0.016861634268096042
2182 2172 0.010551530792770328
2200 2172 0.00882901012401827
2200 2198 0.001982821035869997
2198 2191 0.0017176628701702408
2191 2188 0.006991622375871718
2310 2188 0.04053779318946024
2315 2310 0.01479228223682898
2318 2315 0.0009774092783380796
2321 2318 0.004646549893160664
2321 2296 0.010660693836688601
2296 2287 0.008121780160923195
2287 2266 0.005951155332811541
2266 2265 0.0009667342198457676
2265 2232 0.009341225746087286
2221 2209 0.005578284978915185
2225 2221 0.01040102434394571
2225 2212 0.005576484985731757
2212 2209 0.01039280564390347
2187 2171 0.005484191796449909
2195 2187 0.010475089269008883
2195 2180 0.005484191722217315
2180 2171 0.010475096519150918
2209 2192 0.005270593494229173
2212 2209 0.01039280564390347
2212 2202 0.005270593421152119
2202 2192 0.010392812547207926
2171 2161 0.005495059346827209
2180 2171 0.010475096519150918
2180 2166 0.005495059272488248
2166 2161 0.010475103783156046
2192 2175 0.0055420985090007665
2202 2192 0.010392812547207926
2202 2184 0.00554209843288611
2184 2175 0.010392819807175345
2161 2143 0.005619951404932969
2166 2161 0.010475103783156046
2166 2150 0.005619951329051407
2150 2143 0.010475111212586905
2175 2165 0.005554758843244271
2184 2175 0.010392819807175345
2184 2167 0.005556565727630084
2167 2165 0.010401053114095494
2143 2122 0.005381035953032044
2150 2143 0.010475111212586905
2150 2130 0.005381035880382629
2130 2123 0.01028459084368948
2123 2122 0.00019056846872034952
2165 2149 0.00535023227997152
2167 2165 0.010401053114095494
2167 2159 0.005337570361290283
2159 2158 0.00020698624175184805
2158 2149 0.010188244960287444
2123 2115 0.0061665537352675525
2130 2123 0.01028459084368948
2131 2130 9.528420734866602e-05
2133 2131 0.00036380929772209463
2137 2133 0.004431371967491087
2137 2118 0.0065412291984022685
2118 2115 0.01480887122971368
2147 2124 0.0062606419007875365
2149 2147 0.004812431820751611
2158 2149 0.010188244960287444
2158 2135 0.006271504326134726
2135 2124 0.0149982914551768
2115 2106 0.006076048444178023
2118 2115 0.01480887122971368
2118 2109 0.006065182278551328
2109 2106 0.014811249401324224
2124 2116 0.005954756481861662
2135 2124 0.0149982914551768
2135 2119 0.005952951081318488
2119 2116 0.01499007682760405
2106 2099 0.006097783502447979
2109 2106 0.014811249401324224
2109 2102 0.006097783386098813
2102 2099 0.014811260799971604
2116 2107 0.006271504913936641
2119 2116 0.01499007682760405
2119 2110 0.00627150478841072
2110 2107 0.01499008867676338
2099 2093 0.006177422279209775
2102 2099 0.014811260799971604
2102 2097 0.006177422162110626
2097 2093 0.014811272347301273
2107 2100 0.005985544094455978
2110 2107 0.01499008867676338
2110 2103 0.005976477608571959
2103 2100 0.015000720503541466
2097 2091 0.006438076391012549
2091 2090 0.014803055169588634
2093 2090 0.006439855979786455
2097 2093 0.014811272347301273
2103 2096 0.006590058837818433
2096 2092 0.01499250837134345
2100 2092 0.006591861982086923
2103 2100 0.015000720503541466
2199 2185 0.017350596297613777
2185 2183 0.0005182079580713976
2183 2168 0.017903557729148874
2169 2168 0.0005441637443422171
2169 2162 0.01747316410937523
2203 2162 0.015744816775905415
2208 2203 0.007825986728775543
2208 2204 0.001522437826206889
2226 2204 0.03716021085362683
2230 2226 0.0017891417937423123
2241 2230 0.00775509502445882
2241 2199 0.01605662957426844
2416 2411 0.011086516228195013
2416 2362 0.029627813504913187
2362 2353 0.010803124457185892
2353 2312 0.015155089646423637
2317 2312 0.010983088084255724
2317 2270 0.016293532119286427
2270 2261 0.00764078258263973
2271 2261 0.0018190460041936278
2271 2252 0.01777359271391885
2279 2252 0.006400165440528566
2283 2279 0.006815183469529094
2371 2283 0.03118619894252144
2376 2371 0.010827822419212851
2407 2376 0.013973147059326417
2407 2401 0.011010078069029573
2436 2401 0.029606060039646383
2438 2436 0.010844235197090131
2439 2438 0.006264391465506364
2440 2439 0.0008072561389719045
2441 2440 0.007605423202508299
2441 2431 0.014836532035913634
2431 2429 0.010931261288425228
2429 2411 0.014119791007310228
2430 2428 0.01097945732027199
2430 2388 0.030686324170888207
2388 2384 0.010816030697080755
2384 2347 0.01397843988747503
2355 2347 0.010938362666771225
2355 2269 0.029935202384417263
2274 2269 0.006774020523148882
2274 2247 0.006391049171057989
2247 2238 0.017571308348001767
2238 2236 0.0007511330031267446
2236 2229 0.007798367617447886
2281 2229 0.015058997673505064
2290 2281 0.010900757766137862
2327 2290 0.01401282548906355
2327 2320 0.010946606760456348
2396 2320 0.02979943514731341
2405 2396 0.010791328198853945
2421 2405 0.01521826914792921
2421 2419 0.010791307457994753
2435 2419 0.016105161523887704
2437 2435 0.007550135922378361
2437 2433 0.002193730853684294
2433 2428 0.006267924189163538
2095 2094 0.0026346398765670024
2094 2089 0.010908432180776919
2089 2087 0.027378126935939124
2088 2087 0.0011087125586275682
2134 2088 0.04207338414188734
2138 2134 0.0025121527673432195
2138 2136 0.00040917690567853485
2163 2136 0.027894660899387733
2163 2095 0.035631859113051
2470 2454 0.014984429782496178
2472 2470 0.0061482119577011395
2472 2459 0.014984429431528085
2459 2454 0.006148222722825405
2473 2472 0.0005127372107319977
2477 2473 0.004353287554498692
2479 2477 0.0054580802733951465
2479 2474 0.0044325695748718965
2475 2474 0.00044981932842652074
2475 2463 0.014902594898042342
2463 2459 0.006412610402894747
2472 2459 0.014984429431528085
2531 2528 0.006381385967129294
2528 2527 0.01578884701083325
2529 2527 0.006381386326094361
2530 2529 0.004517514053933037
2531 2530 0.011271323196699998
2510 2508 0.005594901561964564
2512 2510 0.014784896151874564
2512 2509 0.005594901382695503
2509 2508 0.01478490628680676
2508 2504 0.006857113633594436
2509 2508 0.01478490628680676
2509 2506 0.006859228911686915
2506 2504 0.014793066782873334
2504 2500 0.006169018806640713
2506 2504 0.014793066782873334
2506 2502 0.0061690186085045975
2502 2500 0.014793077965533441
2500 2498 0.005824972699817993
2502 2500 0.014793077965533441
2502 2499 0.005824972513656933
2499 2498 0.014793088523064213
2498 2492 0.005790568390597249
2499 2498 0.014793088523064213
2499 2494 0.005801330540008348
2494 2492 0.014790286239988425
2492 2487 0.006341043263997091
2494 2492 0.014790286239988425
2494 2489 0.0063302803058482935
2489 2487 0.014793110513297947
2501 2491 0.015473328428028937
2505 2501 0.019440173674241414
2505 2497 0.015473327409569974
2497 2491 0.019440209231076755
2487 2485 0.006285114803475812
2489 2487 0.014793110513297947
2489 2486 0.006282997741629082
2486 2485 0.014784973796324999
2485 2481 0.005618546448105916
2486 2485 0.014784973796324999
2486 2484 0.005629308020008267
2484 2481 0.014782169649923267
2481 2478 0.0063969783270954724
2484 2481 0.014782169649923267
2484 2480 0.00638832881251283
2480 2478 0.014793143685678668
2478 2471 0.0060679294070879256
2480 2478 0.014793143685678668
2480 2476 0.006065806724273625
2476 2471 0.014785006553646696
2471 2466 0.006031402555646102
2476 2471 0.014785006553646696
2476 2468 0.006031402362152678
2468 2466 0.014785017478124877
2466 2462 0.006018525463743212
2468 2466 0.014785017478124877
2468 2465 0.006031402663120258
2465 2462 0.014790363760792971
2462 2453 0.0060335259995094375
2465 2462 0.014790363760792971
2465 2456 0.006031402963323024
2456 2453 0.014782224996405392
2469 2467 0.0037987494982611677
2467 2464 0.003943097399423063
2464 2461 0.004609197625966446
2461 2458 0.0052922664478921985
2460 2458 0.00046726087161859175
2460 2455 0.006419916387793361
2483 2455 0.02901675457503876
2483 2482 0.005373699104652343
2488 2482 0.014653605539592643
2493 2488 0.02306938460416473
2495 2493 0.0002692616541934096
2496 2495 0.001949209745865441
2496 2490 0.004982185469843908
2490 2469 0.03276339038931781
2515 2514 0.0003547918594591631
2514 2507 0.01832333190514628
2507 2503 0.02400611069032217
2511 2503 0.017774238113511948
2513 2511 0.012092552674346037
2517 2513 0.023135848322195653
2517 2516 0.0057921823342336615
2519 2516 0.010200474674303638
2519 2518 0.004597348497892322
2520 2518 0.006333055821664551
2524 2520 0.003465472476237177
2524 2521 0.001121941842959955
2522 2521 0.0011353296513239952
2525 2522 0.0010638590020815863
2526 2525 0.018046037907603105
2526 2523 0.006509896924347875
2523 2515 0.03319640192999303
2457 2452 0.007790277210117717
2452 2451 0.015759630837141405
2453 2451 0.007798924051554803
2456 2453 0.014782224996405392
2457 2456 0.0009664283355005777
2538 67 0.024130332276752636
2538 2537 0.012741884657879302
2537 2536 0.013414458394166188
2536 2535 0.015373874011383033
2535 2534 0.011057338631526536
2534 2533 0.023124596736498228
2533 2532 0.016199682932193205
68 17 0.08433265555632502
2532 17 0.0045740268068244026
2533 2532 0.016199682932193205
2534 2533 0.023124596736498228
2535 2534 0.011057338631526536
2536 2535 0.015373874011383033
2537 2536 0.013414458394166188
2538 2537 0.012741884657879302
2538 67 0.024130332276752636
68 67 0.07740034370585264
2564 2562 0.007792075354441338
2627 2564 0.1820850036591003
2627 2547 0.009263300382647008
2569 2547 0.009036702101934156
2622 2569 0.173398708004884
2622 2546 0.009247394452927079
2601 2546 0.010181499793817638
2601 2545 0.04464794869596814
2545 2544 0.06523541626439384
2602 2544 0.01709782565757747
2602 2543 0.023596872960818326
2543 2542 0.03600701707713899
2591 2542 0.0043377631687871255
2591 2590 0.010065542199021348
2590 2554 0.04965616823217824
2559 2554 0.03140896786206324
2559 2541 0.030323325577895733
2541 2540 0.07600683547442766
2603 2540 0.017098826607023897
2603 2558 0.006514719275070521
2558 2550 0.04877540994795866
2550 2539 0.1447527543032821
2539 66 0.01216899993136202
2579 2577 0.14017381841562496
2579 2578 0.017575150914201983
2588 2587 0.04494382115499558
2635 2628 0.038828918829304136
2633 2628 0.045491557532122626
2641 2633 0.018956629363068387
2644 2641 0.018881822843307593
2644 2635 0.01888443154371412
