100
94 84 0.080759007988414
20 19 0.08241686451417256
87 19 0.11115149994287533
87 49 0.06421401880938285
97 77 0.2593622302639824
97 47 0.15594088392719058
60 47 0.2651794381194472
95 63 0.5112212575300293
95 39 0.1704621247229311
50 38 0.11413223533330283
38 22 0.16703627823996445
70 22 0.1338588624257244
78 70 0.12280041677163095
78 25 0.15003391545549824
73 25 0.3221979452216242
73 31 0.8919327507695517
65 31 0.34435091244161337
93 65 0.32234802901529236
93 90 0.07609068830283128
34 32 0.12358644714684583
51 34 0.13565074698452037
81 51 0.08096442661205065
86 81 0.18448005263754957
88 86 0.12266918269415411
88 74 0.16833934837780554
74 29 0.15758774442664342
89 82 0.036911031455915025
89 80 0.022910623604125463
80 41 0.027021500298989712
83 71 0.05027771866789054
83 69 0.02063574128250221
69 27 0.021823045678178537
68 27 0.03562815533589334
68 23 0.034075311079893304
33 23 0.30551684745723984
59 33 0.033813240416281455
59 45 0.030406352613199437
85 45 0.02781062965325549
92 43 0.06844282139934424
75 46 0.13925647160488283
75 66 0.10748180422182563
66 55 0.07920484675776014
55 53 0.07658815770531352
53 42 0.17299177824666945
44 42 0.13384751809166334
96 44 0.07355500396767253
96 91 0.05986016509567474
91 64 0.09295091735029631
64 58 0.12614154471793504
58 26 0.24959918179648785
26 24 0.09728215001588914
72 67 0.1642820172461741
98 40 0.15542911258205344
98 37 0.07239995186344118
37 35 0.2887805763802771
48 35 0.2965103577638285
54 48 0.2289375789750793
79 54 0.07545876101936211
79 28 0.08782514857541676
56 28 0.06643819122310639
99 56 0.1251267185773617
99 36 0.18492771697223018
61 30 0.20163438532154618
61 21 0.8120444314518802
62 57 0.12140790331513746
52 12 0.19304218865528963
76 52 0.15053163890088034
17 12 0.3136420210274653
16 5 0.20940130927107806
19 6 0.3233363209151587
7 6 0.3852179441570324
