236
5 4 0.005103335286359871
4 0 0.00710926198307626
1 0 0.0050919000377564255
5 1 0.007119669040781333
39 38 0.007127969540176649
38 32 0.009914596269139863
34 32 0.007127972232979352
39 34 0.009914596224225239
29 15 0.014113557536313095
29 28 0.007954386792966128
28 13 0.014113557561330169
15 13 0.00795439128126235
57 56 0.020497568925408185
56 54 0.014444463628071119
55 54 0.020508133308875413
57 55 0.01444648107122154
19 18 0.006202479780631686
18 6 0.012201948792951486
7 6 0.006202482912889902
19 7 0.012201948790704237
37 36 0.005042877057346466
36 30 0.009957759548559448
31 30 0.005053179545327338
37 31 0.009960801731424771
26 14 0.010984189167425404
26 23 0.005560764201156517
23 12 0.0109741917159453
14 12 0.00554897429901307
44 35 0.011722835634213198
44 41 0.008671136770039533
41 33 0.011725744837601514
35 33 0.008660798317956653
17 16 0.004706493526501888
16 2 0.011077312487224636
3 2 0.004695754128795635
17 3 0.011077098880269953
51 50 0.006226792957036008
50 46 0.004993342958190736
48 46 0.0062267941571853115
51 48 0.004993342942481293
53 52 0.006174396254322199
52 47 0.006658702906026433
49 47 0.006162470088086376
53 49 0.006668548537542397
45 43 0.00598318799922528
43 40 0.0028920780523103533
42 40 0.0059810081180820375
45 42 0.002902980719797533
21 20 0.006280845945608638
20 8 0.012420730393318308
9 8 0.006280849188060489
21 9 0.012420730392314113
24 11 0.011709399033778177
24 22 0.003875387471453451
27 22 0.0008568073564365409
27 25 0.004064465405738026
25 10 0.013677295746014503
11 10 0.007540215191401178
81 80 0.0015206981780604674
83 81 0.001524201419681692
85 83 0.001522819912878516
87 85 0.001528154450198811
89 87 0.0015186867751938963
92 89 0.0015158890066458853
95 92 0.001526049935893236
97 95 0.0015203358664436365
97 96 0.001520697696603921
96 94 0.0015242010766491258
94 91 0.0015228197836590976
91 88 0.0015143230192061858
88 86 0.0015288160536699091
86 84 0.001520868171626845
84 82 0.0015178215841903208
82 80 0.0015203362877560533
69 68 0.005319368630330847
68 64 0.006124109694995621
65 64 0.005317637990649457
69 65 0.006135093059522758
77 76 0.006727859733167043
76 73 0.010372110122751185
75 73 0.006717552271894099
77 75 0.01036908831473601
113 112 0.005760773474460292
112 103 0.005806050987518506
107 103 0.0057607748582884115
113 107 0.005806050986473577
185 180 0.02133024923548713
180 157 0.011432043812898576
169 157 0.021340886755051074
185 169 0.011433623751205864
133 132 0.007138122413382297
132 119 0.011265072168143556
121 119 0.007148814076387357
133 121 0.011266153069161832
74 72 0.008212271092739733
72 70 0.006094849872948751
71 70 0.008212272724651417
74 71 0.006094849746523714
135 134 0.0061730486732924856
134 124 0.009214933960053589
127 124 0.006173050999253303
135 127 0.00921493395520138
131 130 0.004959340826839172
130 122 0.0075939050778307884
123 122 0.004959928247594586
131 123 0.0075828008518507555
111 110 0.007006028972730367
110 99 0.01629774575418578
101 99 0.007007895180396636
111 101 0.016286783321599135
189 188 0.011059280470546393
188 168 0.018893331774729374
171 168 0.011059288961074679
189 171 0.0188933317500479
115 114 0.006076449248860315
114 102 0.007672176962871472
105 102 0.006076451183643998
115 105 0.007672176961918243
120 117 0.005001923375390614
117 104 0.008714998135482025
106 104 0.004991218182388058
120 106 0.00871410411123786
174 173 0.005954536669244978
173 158 0.006741837476843732
160 158 0.005943799687318512
174 160 0.006741503623604155
182 178 0.017777812124287695
178 155 0.01038634105175329
166 155 0.017777819709393843
182 166 0.010386341040157667
187 186 0.008145451418091917
186 177 0.009915263745267508
179 177 0.008133745570825995
187 179 0.009925366161957907
183 167 0.009934821883687878
170 167 0.005963609226050258
184 170 0.00993611719302833
184 183 0.005952942676140343
149 148 0.006287020916947908
148 140 0.008116128869000816
142 140 0.006285872431562575
149 142 0.008127189011462206
175 172 0.011041160748018468
172 154 0.007199643812340671
162 154 0.011041163992555047
175 162 0.007199643804851184
126 125 0.006913208737466078
125 116 0.004851537802033264
118 116 0.006912789827941015
126 118 0.004862649430490914
165 161 0.006686234593595004
161 136 0.015642189053792076
137 136 0.006686238885293973
165 137 0.01564218904683568
139 138 0.007125846481794774
138 128 0.009796108959126684
129 128 0.007125849376087006
139 129 0.009796108957490522
152 150 0.009233303328075733
150 141 0.00882547788108106
144 141 0.009233306618550274
152 144 0.00882547786820581
159 156 0.00590956593172434
156 146 0.0077209593372446275
147 146 0.005909567831958598
159 147 0.007720959336779306
90 78 0.010108246548644438
79 78 0.005736659030519204
93 79 0.010108246522947742
93 90 0.0057366567741036255
61 58 0.0036205485802837333
59 58 0.009877220326506321
63 59 0.0036095525294359988
63 61 0.009875560105162716
108 98 0.015070892187935924
100 98 0.005768293139095526
109 100 0.015070892179016072
109 108 0.005768289596453937
66 60 0.007124442441209527
62 60 0.004282903544376279
67 62 0.007123462208249314
67 66 0.004293601480116681
181 176 0.012757803052547666
176 151 0.01173634365205259
153 151 0.006645446072251942
153 143 0.009549259550360423
145 143 0.008535874731665852
164 145 0.010359884743694418
164 163 0.0034443943126432675
181 163 0.010586712017202017
232 190 0.02000840957233837
232 231 0.02092147692964205
231 230 0.022340474735312362
230 229 0.01162531343726307
229 228 0.018954679303392175
228 227 0.027907685141227198
227 226 0.01786751082829076
226 225 0.018148254362787317
225 224 0.01958442763978864
224 223 0.01961723399075315
223 222 0.024957724845209285
222 221 0.020238124995612623
235 221 0.023191027774987865
235 220 0.008172745538273105
220 219 0.03247951593594662
233 219 0.010943896003640955
233 218 0.02077771408532025
218 217 0.026675416503008503
234 217 0.01092689116386513
234 216 0.011312032365017894
216 215 0.03458586848937908
215 214 0.029285616681903628
214 213 0.026144441565921474
213 212 0.02616237666201707
212 211 0.02380652428844027
211 210 0.034358000125934665
210 209 0.02449900302941866
209 208 0.026903124601300843
208 207 0.03303240499871109
207 206 0.02614453245663731
206 205 0.03201362008997302
205 204 0.03741339005439776
204 203 0.021979648505156463
203 202 0.02103133253167586
202 201 0.010239605778862662
201 200 0.024738300145309453
200 199 0.028661938737812344
199 198 0.028276871366256652
198 197 0.023913952330820554
197 196 0.04187921156664519
196 195 0.0418246782970862
195 194 0.01865432125744822
194 193 0.020291863799946318
193 192 0.02338981688204322
192 191 0.022821434811621424
